100,0.688846,0.691746,0.379073,0.802924,0.550301,0.547994,0.472116,76.923077,379,60,60,50,60,26.415094,100,65,66.666667,62.5,65,62.5,15.555556,39.370079,33.333333,36.764706,60,32.142857
100,0.554298,0.542883,0.002303,0.998278,0.004154,0.004241,0.002306,76.923077,378,60,60,50,60,24.528302,100,65,66.666667,62.5,65,62.5,15.555556,39.370079,33.333333,36.764706,60,32.142857
-100,0.610956,0.429402,0.111327,0.4036,1.422807,5.487928,1.513765,46.153846,341,53.333333,53.333333,16.666667,53.333333,26.415094,50,30,25,25,35,25,13.333333,39.370079,33.333333,35.294118,60,31.428571
999,0.443782,0.234569,0.501015,0.795199,1.79187,3.390048,1.587176,76.923077,366,60,60,50,60,24.528302,100,90,83.333333,87.5,65,87.5,15.555556,35.433071,30,29.411765,48,30
100,0.148524,0.041694,0.487312,0.364484,3.281026,11.687903,1.336991,76.923077,378,60,60,50,60,24.528302,100,65,66.666667,62.5,65,62.5,15.555556,39.370079,33.333333,36.764706,60,32.142857
-100,0.306384,0.163105,0.442079,0.991001,1.878446,0.693053,0.309167,46.153846,341,53.333333,53.333333,16.666667,53.333333,26.415094,50,30,25,25,35,25,13.333333,39.370079,33.333333,35.294118,60,31.428571
-100,0.991584,0.792676,0.892672,0.723662,1.250933,1.110805,1.370232,46.153846,340,53.333333,53.333333,16.666667,53.333333,24.528302,50,30,25,25,35,25,13.333333,39.370079,33.333333,35.294118,60,31.428571
100,0.786234,0.378989,0.01189,0.906308,0.015122,0.031372,0.013119,76.923077,378,60,60,50,60,24.528302,100,65,66.666667,62.5,65,62.5,15.555556,39.370079,33.333333,36.764706,60,32.142857
999,0.240822,0.844331,0.876993,0.705933,2.931344,0.836086,0.804947,76.923077,366,60,60,50,60,24.528302,100,90,83.333333,87.5,65,87.5,15.555556,35.433071,30,29.411765,48,30
-100,0.129272,0.107676,0.558643,0.688304,1.200562,0.231403,0.187812,46.153846,341,53.333333,53.333333,16.666667,53.333333,26.415094,50,30,25,25,35,25,13.333333,39.370079,33.333333,35.294118,60,31.428571
-100,0.269847,0.235994,0.288059,0.483771,1.143446,0.936774,0.557798,46.153846,341,53.333333,53.333333,16.666667,53.333333,26.415094,50,30,25,25,35,25,13.333333,39.370079,33.333333,35.294118,60,31.428571
999,0.50194,0.423876,0.670113,0.534013,1.063897,1.259831,0.7969,76.923077,366,60,60,50,60,24.528302,100,90,83.333333,87.5,65,87.5,15.555556,35.433071,30,29.411765,48,30
999,0.705582,0.542639,0.408661,0.730692,1.035587,1.346553,1.788016,76.923077,367,60,60,50,60,26.415094,100,90,83.333333,87.5,65,87.5,15.555556,35.433071,30,29.411765,48,30
0,0.548804,0.599377,0.782938,0.332511,1.092153,0.765548,1.80258,61.538462,362,56.666667,56.666667,33.333333,56.666667,24.528302,75,55,58.333333,62.5,50,50,14.444444,39.370079,33.333333,36.764706,56,30.714286
-100,0.19597,0.059818,0.980961,0.789806,3.276121,0.199774,0.248125,46.153846,340,53.333333,53.333333,16.666667,53.333333,24.528302,50,30,25,25,35,25,13.333333,39.370079,33.333333,35.294118,60,31.428571
0,0.86354,0.034147,0.152698,0.642405,0.039543,0.223625,0.053155,61.538462,363,56.666667,56.666667,33.333333,56.666667,26.415094,75,55,58.333333,62.5,50,50,14.444444,39.370079,33.333333,36.764706,56,30.714286
-100,0.194879,0.514399,0.807274,0.223417,0.378848,0.241404,0.872263,46.153846,341,53.333333,53.333333,16.666667,53.333333,26.415094,50,30,25,25,35,25,13.333333,39.370079,33.333333,35.294118,60,31.428571
100,0.854319,0.151002,0.979349,0.996618,1.14635,6.485652,0.982672,76.923077,378,60,60,50,60,24.528302,100,65,66.666667,62.5,65,62.5,15.555556,39.370079,33.333333,36.764706,60,32.142857
-100,0.254561,0.572057,0.750666,0.011141,0.444992,0.339113,22.848879,46.153846,340,53.333333,53.333333,16.666667,53.333333,24.528302,50,30,25,25,35,25,13.333333,39.370079,33.333333,35.294118,60,31.428571
-100,0.672911,0.787371,0.970818,0.890055,0.854631,0.693139,0.756034,46.153846,341,53.333333,53.333333,16.666667,53.333333,26.415094,50,30,25,25,35,25,13.333333,39.370079,33.333333,35.294118,60,31.428571
999,0.4706,0.936256,0.64885,0.658979,1.400296,0.703845,1.01561,76.923077,367,60,60,50,60,26.415094,100,90,83.333333,87.5,65,87.5,15.555556,35.433071,30,29.411765,48,30
-100,0.216075,0.498084,0.75539,0.026756,0.433811,0.286044,8.075836,46.153846,341,53.333333,53.333333,16.666667,53.333333,26.415094,50,30,25,25,35,25,13.333333,39.370079,33.333333,35.294118,60,31.428571
100,0.020983,0.788914,0.45937,0.71891,21.892393,0.582282,0.638982,76.923077,378,60,60,50,60,24.528302,100,65,66.666667,62.5,65,62.5,15.555556,39.370079,33.333333,36.764706,60,32.142857
100,0.6414,0.849535,0.966535,0.649328,1.506913,1.137722,1.488516,76.923077,379,60,60,50,60,26.415094,100,65,66.666667,62.5,65,62.5,15.555556,39.370079,33.333333,36.764706,60,32.142857
-100,0.214254,0.225572,0.153513,0.09816,0.949825,1.395675,2.182704,46.153846,341,53.333333,53.333333,16.666667,53.333333,26.415094,50,30,25,25,35,25,13.333333,39.370079,33.333333,35.294118,60,31.428571
999,0.914846,0.365898,0.5777,0.195511,0.21371,0.534334,0.338431,76.923077,367,60,60,50,60,26.415094,100,90,83.333333,87.5,65,87.5,15.555556,35.433071,30,29.411765,48,30
-100,0.859742,0.071069,0.519088,0.554981,12.097219,1.656254,1.549138,46.153846,341,53.333333,53.333333,16.666667,53.333333,26.415094,50,30,25,25,35,25,13.333333,39.370079,33.333333,35.294118,60,31.428571
0,0.72965,0.290253,0.0933,0.674612,0.397798,3.11097,0.430252,61.538462,363,56.666667,56.666667,33.333333,56.666667,26.415094,75,55,58.333333,62.5,50,50,14.444444,39.370079,33.333333,36.764706,56,30.714286
0,0.993509,0.905253,0.046136,0.148168,0.911167,19.621338,6.109656,61.538462,363,56.666667,56.666667,33.333333,56.666667,26.415094,75,55,58.333333,62.5,50,50,14.444444,39.370079,33.333333,36.764706,56,30.714286
100,0.57248,0.556568,0.644281,0.51536,1.12542,1.157596,1.250157,76.923077,378,60,60,50,60,24.528302,100,65,66.666667,62.5,65,62.5,15.555556,39.370079,33.333333,36.764706,60,32.142857
0,0.372835,0.524327,0.947536,0.995847,1.406325,0.553358,0.526514,61.538462,363,56.666667,56.666667,33.333333,56.666667,26.415094,75,55,58.333333,62.5,50,50,14.444444,39.370079,33.333333,36.764706,56,30.714286
999,0.832185,0.304875,0.295525,0.294322,0.353674,0.965386,0.995929,76.923077,366,60,60,50,60,24.528302,100,90,83.333333,87.5,65,87.5,15.555556,35.433071,30,29.411765,48,30
999,0.209515,0.838044,0.214782,0.101923,0.486473,0.121621,0.474545,76.923077,367,60,60,50,60,26.415094,100,90,83.333333,87.5,65,87.5,15.555556,35.433071,30,29.411765,48,30
999,0.668258,0.04037,0.925348,0.138877,0.207819,3.440108,0.150081,76.923077,366,60,60,50,60,24.528302,100,90,83.333333,87.5,65,87.5,15.555556,35.433071,30,29.411765,48,30
100,0.715635,0.972685,0.907946,0.046145,1.268729,0.933444,19.675959,76.923077,378,60,60,50,60,24.528302,100,65,66.666667,62.5,65,62.5,15.555556,39.370079,33.333333,36.764706,60,32.142857
-100,0.159505,0.893883,0.935658,0.75667,0.178441,0.170474,0.210799,46.153846,341,53.333333,53.333333,16.666667,53.333333,26.415094,50,30,25,25,35,25,13.333333,39.370079,33.333333,35.294118,60,31.428571
0,0.949544,0.531872,0.583588,0.220272,0.560134,0.911382,2.414608,61.538462,362,56.666667,56.666667,33.333333,56.666667,24.528302,75,55,58.333333,62.5,50,50,14.444444,39.370079,33.333333,36.764706,56,30.714286
100,0.151431,0.350388,0.981625,0.145333,6.482323,2.801533,6.754299,76.923077,379,60,60,50,60,26.415094,100,65,66.666667,62.5,65,62.5,15.555556,39.370079,33.333333,36.764706,60,32.142857
0,0.063591,0.544084,0.169729,0.826037,8.555995,3.205596,0.658667,61.538462,363,56.666667,56.666667,33.333333,56.666667,26.415094,75,55,58.333333,62.5,50,50,14.444444,39.370079,33.333333,36.764706,56,30.714286
0,0.618574,0.160279,0.351186,0.019947,0.259111,0.456393,8.035227,61.538462,363,56.666667,56.666667,33.333333,56.666667,26.415094,75,55,58.333333,62.5,50,50,14.444444,39.370079,33.333333,36.764706,56,30.714286
999,0.370638,0.410925,0.59026,0.842539,2.273213,2.050347,1.427404,76.923077,367,60,60,50,60,26.415094,100,90,83.333333,87.5,65,87.5,15.555556,35.433071,30,29.411765,48,30
100,0.846314,0.720142,0.853387,0.573047,1.008357,1.185027,1.489209,76.923077,378,60,60,50,60,24.528302,100,65,66.666667,62.5,65,62.5,15.555556,39.370079,33.333333,36.764706,60,32.142857
-100,0.413857,0.705049,0.419107,0.70777,0.58699,0.987474,0.584734,46.153846,341,53.333333,53.333333,16.666667,53.333333,26.415094,50,30,25,25,35,25,13.333333,39.370079,33.333333,35.294118,60,31.428571
-100,0.984016,0.738764,0.444226,0.951818,1.331976,2.215126,1.033828,46.153846,341,53.333333,53.333333,16.666667,53.333333,26.415094,50,30,25,25,35,25,13.333333,39.370079,33.333333,35.294118,60,31.428571
0,0.572616,0.552089,0.363838,0.364851,0.964153,1.517404,1.513189,61.538462,363,56.666667,56.666667,33.333333,56.666667,26.415094,75,55,58.333333,62.5,50,50,14.444444,39.370079,33.333333,36.764706,56,30.714286
-100,0.15088,0.164828,0.819529,0.14637,0.915375,0.184105,1.030812,46.153846,341,53.333333,53.333333,16.666667,53.333333,26.415094,50,30,25,25,35,25,13.333333,39.370079,33.333333,35.294118,60,31.428571
100,0.35018,0.405213,0.00664,0.159606,0.018963,0.016388,0.041605,76.923077,379,60,60,50,60,26.415094,100,65,66.666667,62.5,65,62.5,15.555556,39.370079,33.333333,36.764706,60,32.142857
100,0.674027,0.596637,0.54745,0.120243,0.812208,0.917561,4.552878,76.923077,378,60,60,50,60,24.528302,100,65,66.666667,62.5,65,62.5,15.555556,39.370079,33.333333,36.764706,60,32.142857
-100,0.879113,0.153773,0.01709,0.416956,5.716949,51.440144,2.108405,46.153846,341,53.333333,53.333333,16.666667,53.333333,26.415094,50,30,25,25,35,25,13.333333,39.370079,33.333333,35.294118,60,31.428571
100,0.203181,0.346391,0.880735,0.893006,4.334726,2.5426,0.986259,76.923077,378,60,60,50,60,24.528302,100,65,66.666667,62.5,65,62.5,15.555556,39.370079,33.333333,36.764706,60,32.142857
100,0.888342,0.702872,0.466275,0.818746,0.524883,0.663386,0.569499,76.923077,378,60,60,50,60,24.528302,100,65,66.666667,62.5,65,62.5,15.555556,39.370079,33.333333,36.764706,60,32.142857
999,0.819762,0.177597,0.77385,0.32523,0.396738,1.831287,0.420276,76.923077,366,60,60,50,60,24.528302,100,90,83.333333,87.5,65,87.5,15.555556,35.433071,30,29.411765,48,30
-100,0.430136,0.002557,0.425344,0.64019,168.228195,1.011266,0.671888,46.153846,341,53.333333,53.333333,16.666667,53.333333,26.415094,50,30,25,25,35,25,13.333333,39.370079,33.333333,35.294118,60,31.428571
999,0.891758,0.481954,0.379648,0.209231,0.234628,0.434131,0.551119,76.923077,366,60,60,50,60,24.528302,100,90,83.333333,87.5,65,87.5,15.555556,35.433071,30,29.411765,48,30
0,0.231453,0.388721,0.635264,0.620124,1.679482,0.611905,0.626845,61.538462,363,56.666667,56.666667,33.333333,56.666667,26.415094,75,55,58.333333,62.5,50,50,14.444444,39.370079,33.333333,36.764706,56,30.714286
-100,0.180958,0.899005,0.822584,0.44907,0.201287,0.219987,0.402961,46.153846,340,53.333333,53.333333,16.666667,53.333333,24.528302,50,30,25,25,35,25,13.333333,39.370079,33.333333,35.294118,60,31.428571
-100,0.143421,0.676276,0.149849,0.403421,0.212075,0.957109,0.355514,46.153846,341,53.333333,53.333333,16.666667,53.333333,26.415094,50,30,25,25,35,25,13.333333,39.370079,33.333333,35.294118,60,31.428571
0,0.355524,0.031765,0.84392,0.62251,0.089347,0.03764,0.051027,61.538462,363,56.666667,56.666667,33.333333,56.666667,26.415094,75,55,58.333333,62.5,50,50,14.444444,39.370079,33.333333,36.764706,56,30.714286
-100,0.824053,0.149446,0.818721,0.053019,5.514047,1.006513,15.542473,46.153846,341,53.333333,53.333333,16.666667,53.333333,26.415094,50,30,25,25,35,25,13.333333,39.370079,33.333333,35.294118,60,31.428571
999,0.475283,0.14415,0.178097,0.577839,1.215778,4.008595,3.244519,76.923077,367,60,60,50,60,26.415094,100,90,83.333333,87.5,65,87.5,15.555556,35.433071,30,29.411765,48,30
0,0.368995,0.354252,0.28483,0.274635,0.960046,1.243733,1.289904,61.538462,363,56.666667,56.666667,33.333333,56.666667,26.415094,75,55,58.333333,62.5,50,50,14.444444,39.370079,33.333333,36.764706,56,30.714286
999,0.202864,0.323896,0.050768,0.002181,0.01075,0.006733,0.042956,76.923077,367,60,60,50,60,26.415094,100,90,83.333333,87.5,65,87.5,15.555556,35.433071,30,29.411765,48,30
100,0.220092,0.445823,0.062525,0.203623,0.284083,0.140245,0.30706,76.923077,379,60,60,50,60,26.415094,100,65,66.666667,62.5,65,62.5,15.555556,39.370079,33.333333,36.764706,60,32.142857
0,0.292486,0.947142,0.855197,0.690166,3.238244,1.107512,1.372339,61.538462,362,56.666667,56.666667,33.333333,56.666667,24.528302,75,55,58.333333,62.5,50,50,14.444444,39.370079,33.333333,36.764706,56,30.714286
100,0.618591,0.88788,0.934424,0.38501,1.510569,1.052422,2.427012,76.923077,378,60,60,50,60,24.528302,100,65,66.666667,62.5,65,62.5,15.555556,39.370079,33.333333,36.764706,60,32.142857
0,0.911357,0.952317,0.131656,0.154529,1.044944,7.233402,6.162698,61.538462,362,56.666667,56.666667,33.333333,56.666667,24.528302,75,55,58.333333,62.5,50,50,14.444444,39.370079,33.333333,36.764706,56,30.714286
999,0.694201,0.901625,0.006921,0.422729,0.608943,0.468852,61.082363,76.923077,366,60,60,50,60,24.528302,100,90,83.333333,87.5,65,87.5,15.555556,35.433071,30,29.411765,48,30
999,0.500722,0.479583,0.11523,0.152446,0.304452,0.317872,1.322967,76.923077,366,60,60,50,60,24.528302,100,90,83.333333,87.5,65,87.5,15.555556,35.433071,30,29.411765,48,30
100,0.69634,0.38302,0.409019,0.672508,0.587384,1.067879,0.608199,76.923077,379,60,60,50,60,26.415094,100,65,66.666667,62.5,65,62.5,15.555556,39.370079,33.333333,36.764706,60,32.142857
-100,0.92651,0.870553,0.318486,0.577271,1.064278,2.909109,1.604983,46.153846,341,53.333333,53.333333,16.666667,53.333333,26.415094,50,30,25,25,35,25,13.333333,39.370079,33.333333,35.294118,60,31.428571
100,0.449679,0.984126,0.44753,0.931527,0.995221,0.454748,0.480426,76.923077,378,60,60,50,60,24.528302,100,65,66.666667,62.5,65,62.5,15.555556,39.370079,33.333333,36.764706,60,32.142857
-100,0.04371,0.49986,0.091052,0.23878,0.087445,0.48006,0.183057,46.153846,340,53.333333,53.333333,16.666667,53.333333,24.528302,50,30,25,25,35,25,13.333333,39.370079,33.333333,35.294118,60,31.428571
-100,0.747751,0.850675,0.158151,0.420698,0.879009,4.728087,1.777404,46.153846,341,53.333333,53.333333,16.666667,53.333333,26.415094,50,30,25,25,35,25,13.333333,39.370079,33.333333,35.294118,60,31.428571
100,0.431299,0.361925,0.995911,0.976393,2.309098,2.751705,1.01999,76.923077,379,60,60,50,60,26.415094,100,65,66.666667,62.5,65,62.5,15.555556,39.370079,33.333333,36.764706,60,32.142857
0,0.164999,0.206074,0.648135,0.690892,1.248943,0.317949,0.298272,61.538462,363,56.666667,56.666667,33.333333,56.666667,26.415094,75,55,58.333333,62.5,50,50,14.444444,39.370079,33.333333,36.764706,56,30.714286
0,0.357616,0.255175,0.020097,0.702964,0.713544,12.697397,0.362998,61.538462,363,56.666667,56.666667,33.333333,56.666667,26.415094,75,55,58.333333,62.5,50,50,14.444444,39.370079,33.333333,36.764706,56,30.714286
999,0.574546,0.027844,0.914548,0.535147,0.931425,19.219486,0.585149,76.923077,367,60,60,50,60,26.415094,100,90,83.333333,87.5,65,87.5,15.555556,35.433071,30,29.411765,48,30
100,0.561667,0.443496,0.84545,0.876999,1.505252,1.90633,0.964027,76.923077,378,60,60,50,60,24.528302,100,65,66.666667,62.5,65,62.5,15.555556,39.370079,33.333333,36.764706,60,32.142857
999,0.128567,0.34859,0.760856,0.290724,2.261264,0.833998,0.382101,76.923077,367,60,60,50,60,26.415094,100,90,83.333333,87.5,65,87.5,15.555556,35.433071,30,29.411765,48,30
999,0.025874,0.234857,0.213808,0.047183,1.823546,0.2009,0.220677,76.923077,367,60,60,50,60,26.415094,100,90,83.333333,87.5,65,87.5,15.555556,35.433071,30,29.411765,48,30
100,0.281625,0.376377,0.312397,0.574709,1.109266,0.830012,0.543574,76.923077,379,60,60,50,60,26.415094,100,65,66.666667,62.5,65,62.5,15.555556,39.370079,33.333333,36.764706,60,32.142857
999,0.856862,0.422099,0.68072,0.205879,0.240271,0.487751,0.302443,76.923077,366,60,60,50,60,24.528302,100,90,83.333333,87.5,65,87.5,15.555556,35.433071,30,29.411765,48,30
0,0.355668,0.23127,0.750356,0.286924,0.650241,0.308213,0.80603,61.538462,362,56.666667,56.666667,33.333333,56.666667,24.528302,75,55,58.333333,62.5,50,50,14.444444,39.370079,33.333333,36.764706,56,30.714286
100,0.917901,0.460085,0.206234,0.601565,0.22468,0.448252,0.34283,76.923077,378,60,60,50,60,24.528302,100,65,66.666667,62.5,65,62.5,15.555556,39.370079,33.333333,36.764706,60,32.142857
0,0.007733,0.022694,0.804662,0.281012,2.934662,0.028203,0.080758,61.538462,363,56.666667,56.666667,33.333333,56.666667,26.415094,75,55,58.333333,62.5,50,50,14.444444,39.370079,33.333333,36.764706,56,30.714286
0,0.031407,0.879846,0.185547,0.395086,28.014175,4.741917,2.226973,61.538462,362,56.666667,56.666667,33.333333,56.666667,24.528302,75,55,58.333333,62.5,50,50,14.444444,39.370079,33.333333,36.764706,56,30.714286
999,0.193993,0.598815,0.664381,0.242128,1.248124,0.404345,0.364441,76.923077,367,60,60,50,60,26.415094,100,90,83.333333,87.5,65,87.5,15.555556,35.433071,30,29.411765,48,30
100,0.341329,0.029451,0.167115,0.381232,0.489602,5.674443,0.438356,76.923077,379,60,60,50,60,26.415094,100,65,66.666667,62.5,65,62.5,15.555556,39.370079,33.333333,36.764706,60,32.142857
0,0.141222,0.515793,0.82171,0.391949,3.652353,0.627707,1.315971,61.538462,363,56.666667,56.666667,33.333333,56.666667,26.415094,75,55,58.333333,62.5,50,50,14.444444,39.370079,33.333333,36.764706,56,30.714286
999,0.265088,0.43287,0.745076,0.417833,1.576208,0.965263,0.560793,76.923077,367,60,60,50,60,26.415094,100,90,83.333333,87.5,65,87.5,15.555556,35.433071,30,29.411765,48,30
999,0.945587,0.70209,0.978959,0.838947,0.887223,1.194928,0.856979,76.923077,367,60,60,50,60,26.415094,100,90,83.333333,87.5,65,87.5,15.555556,35.433071,30,29.411765,48,30
999,0.79433,0.53122,0.425043,0.413856,0.521012,0.779067,0.973679,76.923077,367,60,60,50,60,26.415094,100,90,83.333333,87.5,65,87.5,15.555556,35.433071,30,29.411765,48,30
100,0.420485,0.397942,0.961171,0.940045,2.285861,2.415354,1.022473,76.923077,379,60,60,50,60,26.415094,100,65,66.666667,62.5,65,62.5,15.555556,39.370079,33.333333,36.764706,60,32.142857
-100,0.866266,0.575285,0.44886,0.296452,1.505804,1.929927,2.922115,46.153846,341,53.333333,53.333333,16.666667,53.333333,26.415094,50,30,25,25,35,25,13.333333,39.370079,33.333333,35.294118,60,31.428571
100,0.826549,0.331902,0.712102,0.88342,0.861536,2.145518,0.806074,76.923077,378,60,60,50,60,24.528302,100,65,66.666667,62.5,65,62.5,15.555556,39.370079,33.333333,36.764706,60,32.142857
999,0.028706,0.595987,0.62915,0.923578,32.173687,1.549662,1.467979,76.923077,367,60,60,50,60,26.415094,100,90,83.333333,87.5,65,87.5,15.555556,35.433071,30,29.411765,48,30
999,0.300574,0.898419,0.961556,0.016459,0.054757,0.018319,0.017117,76.923077,367,60,60,50,60,26.415094,100,90,83.333333,87.5,65,87.5,15.555556,35.433071,30,29.411765,48,30
-100,0.447964,0.428723,0.825724,0.437727,1.044879,0.54251,1.023387,46.153846,340,53.333333,53.333333,16.666667,53.333333,24.528302,50,30,25,25,35,25,13.333333,39.370079,33.333333,35.294118,60,31.428571
-100,0.942327,0.008615,0.64118,0.279991,109.385704,1.469675,3.365566,46.153846,340,53.333333,53.333333,16.666667,53.333333,24.528302,50,30,25,25,35,25,13.333333,39.370079,33.333333,35.294118,60,31.428571
0,0.754911,0.386561,0.200062,0.066408,0.512062,1.932209,5.820973,61.538462,362,56.666667,56.666667,33.333333,56.666667,24.528302,75,55,58.333333,62.5,50,50,14.444444,39.370079,33.333333,36.764706,56,30.714286
0,0.884979,0.980283,0.169438,0.529633,1.10769,5.785485,1.850873,61.538462,363,56.666667,56.666667,33.333333,56.666667,26.415094,75,55,58.333333,62.5,50,50,14.444444,39.370079,33.333333,36.764706,56,30.714286
100,0.968988,0.029985,0.788252,0.280228,0.813479,26.287777,2.812896,76.923077,379,60,60,50,60,26.415094,100,65,66.666667,62.5,65,62.5,15.555556,39.370079,33.333333,36.764706,60,32.142857
-100,0.738373,0.094258,0.350603,0.999749,7.833508,2.106012,0.738559,46.153846,341,53.333333,53.333333,16.666667,53.333333,26.415094,50,30,25,25,35,25,13.333333,39.370079,33.333333,35.294118,60,31.428571
999,0.426613,0.416109,0.816139,0.775953,1.818869,1.864782,0.950761,76.923077,367,60,60,50,60,26.415094,100,90,83.333333,87.5,65,87.5,15.555556,35.433071,30,29.411765,48,30
999,0.90828,0.645087,0.075569,0.705323,0.776548,1.093377,9.333565,76.923077,366,60,60,50,60,24.528302,100,90,83.333333,87.5,65,87.5,15.555556,35.433071,30,29.411765,48,30
-100,0.583537,0.702088,0.573654,0.088115,0.831145,1.017229,6.622444,46.153846,340,53.333333,53.333333,16.666667,53.333333,24.528302,50,30,25,25,35,25,13.333333,39.370079,33.333333,35.294118,60,31.428571
-100,0.470771,0.882018,0.922462,0.031615,0.533743,0.510342,14.890978,46.153846,341,53.333333,53.333333,16.666667,53.333333,26.415094,50,30,25,25,35,25,13.333333,39.370079,33.333333,35.294118,60,31.428571
0,0.306687,0.967052,0.748626,0.316008,3.153216,1.291769,3.060217,61.538462,363,56.666667,56.666667,33.333333,56.666667,26.415094,75,55,58.333333,62.5,50,50,14.444444,39.370079,33.333333,36.764706,56,30.714286
100,0.858217,0.478302,0.863495,0.016791,1.00615,1.805336,51.424664,76.923077,378,60,60,50,60,24.528302,100,65,66.666667,62.5,65,62.5,15.555556,39.370079,33.333333,36.764706,60,32.142857
999,0.03964,0.79822,0.824538,0.055864,1.409291,0.069986,0.067752,76.923077,366,60,60,50,60,24.528302,100,90,83.333333,87.5,65,87.5,15.555556,35.433071,30,29.411765,48,30
999,0.857292,0.385759,0.110045,0.619984,0.723189,1.60718,5.633906,76.923077,366,60,60,50,60,24.528302,100,90,83.333333,87.5,65,87.5,15.555556,35.433071,30,29.411765,48,30
0,0.907833,0.119957,0.379419,0.168062,0.132135,0.316159,0.713765,61.538462,362,56.666667,56.666667,33.333333,56.666667,24.528302,75,55,58.333333,62.5,50,50,14.444444,39.370079,33.333333,36.764706,56,30.714286
-100,0.855106,0.334189,0.281605,0.990627,2.55875,3.036542,0.863196,46.153846,341,53.333333,53.333333,16.666667,53.333333,26.415094,50,30,25,25,35,25,13.333333,39.370079,33.333333,35.294118,60,31.428571
100,0.026009,0.422641,0.442354,0.679479,17.007803,1.046643,0.65102,76.923077,379,60,60,50,60,26.415094,100,65,66.666667,62.5,65,62.5,15.555556,39.370079,33.333333,36.764706,60,32.142857
100,0.693418,0.220922,0.101303,0.746703,0.146092,0.458545,0.135667,76.923077,378,60,60,50,60,24.528302,100,65,66.666667,62.5,65,62.5,15.555556,39.370079,33.333333,36.764706,60,32.142857
100,0.376293,0.616829,0.81221,0.655266,2.158453,1.31675,1.239512,76.923077,379,60,60,50,60,26.415094,100,65,66.666667,62.5,65,62.5,15.555556,39.370079,33.333333,36.764706,60,32.142857
100,0.590728,0.496314,0.922642,0.874959,1.561875,1.85899,1.054498,76.923077,378,60,60,50,60,24.528302,100,65,66.666667,62.5,65,62.5,15.555556,39.370079,33.333333,36.764706,60,32.142857
999,0.990059,0.345967,0.121085,0.153817,0.155362,0.444602,1.270321,76.923077,367,60,60,50,60,26.415094,100,90,83.333333,87.5,65,87.5,15.555556,35.433071,30,29.411765,48,30
0,0.359088,0.246851,0.484929,0.599601,0.687439,0.509046,0.411693,61.538462,363,56.666667,56.666667,33.333333,56.666667,26.415094,75,55,58.333333,62.5,50,50,14.444444,39.370079,33.333333,36.764706,56,30.714286
999,0.676188,0.274724,0.949224,0.902096,1.33409,3.283642,0.950351,76.923077,366,60,60,50,60,24.528302,100,90,83.333333,87.5,65,87.5,15.555556,35.433071,30,29.411765,48,30
100,0.685977,0.83187,0.60949,0.18583,0.888499,0.732674,3.279829,76.923077,379,60,60,50,60,26.415094,100,65,66.666667,62.5,65,62.5,15.555556,39.370079,33.333333,36.764706,60,32.142857
-100,0.685676,0.902122,0.072777,0.08093,0.76007,9.421545,8.472409,46.153846,340,53.333333,53.333333,16.666667,53.333333,24.528302,50,30,25,25,35,25,13.333333,39.370079,33.333333,35.294118,60,31.428571
0,0.382228,0.482943,0.850627,0.471535,1.263495,0.56775,1.024193,61.538462,362,56.666667,56.666667,33.333333,56.666667,24.528302,75,55,58.333333,62.5,50,50,14.444444,39.370079,33.333333,36.764706,56,30.714286
0,0.851928,0.828684,0.069962,0.935689,0.972717,11.84476,0.88564,61.538462,363,56.666667,56.666667,33.333333,56.666667,26.415094,75,55,58.333333,62.5,50,50,14.444444,39.370079,33.333333,36.764706,56,30.714286
100,0.65702,0.917802,0.515078,0.101731,0.783961,0.561208,5.063156,76.923077,379,60,60,50,60,26.415094,100,65,66.666667,62.5,65,62.5,15.555556,39.370079,33.333333,36.764706,60,32.142857
999,0.631889,0.742925,0.618557,0.116658,0.184618,0.157025,0.188597,76.923077,367,60,60,50,60,26.415094,100,90,83.333333,87.5,65,87.5,15.555556,35.433071,30,29.411765,48,30
999,0.849632,0.507594,0.2353,0.976611,1.149451,1.924,4.150499,76.923077,367,60,60,50,60,26.415094,100,90,83.333333,87.5,65,87.5,15.555556,35.433071,30,29.411765,48,30
999,0.080949,0.334777,0.364082,0.915824,11.313602,2.735626,2.515431,76.923077,366,60,60,50,60,24.528302,100,90,83.333333,87.5,65,87.5,15.555556,35.433071,30,29.411765,48,30
0,0.744546,0.539387,0.406556,0.965667,0.724452,1.326723,0.558565,61.538462,363,56.666667,56.666667,33.333333,56.666667,26.415094,75,55,58.333333,62.5,50,50,14.444444,39.370079,33.333333,36.764706,56,30.714286
999,0.552788,0.291621,0.441645,0.087023,0.157425,0.29841,0.197042,76.923077,367,60,60,50,60,26.415094,100,90,83.333333,87.5,65,87.5,15.555556,35.433071,30,29.411765,48,30
999,0.510011,0.93361,0.201078,0.164596,0.32273,0.176301,0.818567,76.923077,367,60,60,50,60,26.415094,100,90,83.333333,87.5,65,87.5,15.555556,35.433071,30,29.411765,48,30
-100,0.626054,0.473625,0.425913,0.477957,1.321835,1.469912,1.309856,46.153846,340,53.333333,53.333333,16.666667,53.333333,24.528302,50,30,25,25,35,25,13.333333,39.370079,33.333333,35.294118,60,31.428571
0,0.777446,0.244323,0.667819,0.899481,0.314264,0.365853,0.271627,61.538462,363,56.666667,56.666667,33.333333,56.666667,26.415094,75,55,58.333333,62.5,50,50,14.444444,39.370079,33.333333,36.764706,56,30.714286
-100,0.294897,0.532245,0.600215,0.4563,0.554062,0.491319,0.646279,46.153846,341,53.333333,53.333333,16.666667,53.333333,26.415094,50,30,25,25,35,25,13.333333,39.370079,33.333333,35.294118,60,31.428571
0,0.031412,0.491966,0.605907,0.896774,15.661695,0.811951,0.548596,61.538462,363,56.666667,56.666667,33.333333,56.666667,26.415094,75,55,58.333333,62.5,50,50,14.444444,39.370079,33.333333,36.764706,56,30.714286
100,0.695414,0.306827,0.083446,0.786781,0.119995,0.271965,0.10606,76.923077,379,60,60,50,60,26.415094,100,65,66.666667,62.5,65,62.5,15.555556,39.370079,33.333333,36.764706,60,32.142857
0,0.80491,0.202614,0.892959,0.799689,0.251722,0.226901,0.253366,61.538462,363,56.666667,56.666667,33.333333,56.666667,26.415094,75,55,58.333333,62.5,50,50,14.444444,39.370079,33.333333,36.764706,56,30.714286
100,0.184384,0.553531,0.294539,0.933147,1.597422,0.532109,0.31564,76.923077,379,60,60,50,60,26.415094,100,65,66.666667,62.5,65,62.5,15.555556,39.370079,33.333333,36.764706,60,32.142857
999,0.764993,0.380384,0.322232,0.337097,0.440653,0.8862,1.046131,76.923077,367,60,60,50,60,26.415094,100,90,83.333333,87.5,65,87.5,15.555556,35.433071,30,29.411765,48,30
-100,0.479486,0.601274,0.559871,0.840462,0.797451,0.856422,0.570503,46.153846,340,53.333333,53.333333,16.666667,53.333333,24.528302,50,30,25,25,35,25,13.333333,39.370079,33.333333,35.294118,60,31.428571
0,0.850299,0.578517,0.828507,0.569466,0.680369,0.698264,1.015893,61.538462,363,56.666667,56.666667,33.333333,56.666667,26.415094,75,55,58.333333,62.5,50,50,14.444444,39.370079,33.333333,36.764706,56,30.714286
100,0.234774,0.914095,0.667702,0.305268,2.84402,0.730452,2.187264,76.923077,379,60,60,50,60,26.415094,100,65,66.666667,62.5,65,62.5,15.555556,39.370079,33.333333,36.764706,60,32.142857
-100,0.207634,0.384837,0.636106,0.137357,0.539536,0.326414,1.51164,46.153846,341,53.333333,53.333333,16.666667,53.333333,26.415094,50,30,25,25,35,25,13.333333,39.370079,33.333333,35.294118,60,31.428571
-100,0.982361,0.882522,0.180868,0.493272,1.11313,5.431385,1.991521,46.153846,341,53.333333,53.333333,16.666667,53.333333,26.415094,50,30,25,25,35,25,13.333333,39.370079,33.333333,35.294118,60,31.428571
0,0.756978,0.409372,0.1506,0.937417,0.540797,2.718274,0.436702,61.538462,363,56.666667,56.666667,33.333333,56.666667,26.415094,75,55,58.333333,62.5,50,50,14.444444,39.370079,33.333333,36.764706,56,30.714286
100,0.724721,0.282826,0.710327,0.365211,0.980138,2.511528,1.944976,76.923077,378,60,60,50,60,24.528302,100,65,66.666667,62.5,65,62.5,15.555556,39.370079,33.333333,36.764706,60,32.142857
100,0.234206,0.050861,0.551881,0.518184,2.35639,10.850737,1.065029,76.923077,378,60,60,50,60,24.528302,100,65,66.666667,62.5,65,62.5,15.555556,39.370079,33.333333,36.764706,60,32.142857
0,0.325507,0.3754,0.678555,0.568228,1.153278,0.553234,0.660651,61.538462,362,56.666667,56.666667,33.333333,56.666667,24.528302,75,55,58.333333,62.5,50,50,14.444444,39.370079,33.333333,36.764706,56,30.714286
100,0.281357,0.270007,0.532261,0.254467,1.89176,1.971284,2.091669,76.923077,378,60,60,50,60,24.528302,100,65,66.666667,62.5,65,62.5,15.555556,39.370079,33.333333,36.764706,60,32.142857
-100,0.704307,0.235353,0.354122,0.475058,2.992548,1.988879,1.482571,46.153846,341,53.333333,53.333333,16.666667,53.333333,26.415094,50,30,25,25,35,25,13.333333,39.370079,33.333333,35.294118,60,31.428571
999,0.713658,0.069784,0.934817,0.830949,1.164353,11.907533,0.88889,76.923077,367,60,60,50,60,26.415094,100,90,83.333333,87.5,65,87.5,15.555556,35.433071,30,29.411765,48,30
-100,0.734279,0.660742,0.83202,0.944617,1.111295,0.882526,0.777329,46.153846,340,53.333333,53.333333,16.666667,53.333333,24.528302,50,30,25,25,35,25,13.333333,39.370079,33.333333,35.294118,60,31.428571
0,0.28305,0.797878,0.350888,0.091769,2.818858,2.273882,8.694457,61.538462,363,56.666667,56.666667,33.333333,56.666667,26.415094,75,55,58.333333,62.5,50,50,14.444444,39.370079,33.333333,36.764706,56,30.714286
-100,0.605467,0.812651,0.428924,0.698981,0.745052,1.411596,0.866214,46.153846,340,53.333333,53.333333,16.666667,53.333333,24.528302,50,30,25,25,35,25,13.333333,39.370079,33.333333,35.294118,60,31.428571
100,0.347502,0.843448,0.937615,0.530496,2.698157,1.111645,1.767432,76.923077,378,60,60,50,60,24.528302,100,65,66.666667,62.5,65,62.5,15.555556,39.370079,33.333333,36.764706,60,32.142857
999,0.716614,0.088837,0.200744,0.607275,0.847423,6.835865,3.025119,76.923077,366,60,60,50,60,24.528302,100,90,83.333333,87.5,65,87.5,15.555556,35.433071,30,29.411765,48,30
0,0.759788,0.643809,0.628185,0.132243,0.847353,1.024871,4.868371,61.538462,363,56.666667,56.666667,33.333333,56.666667,26.415094,75,55,58.333333,62.5,50,50,14.444444,39.370079,33.333333,36.764706,56,30.714286
100,0.537825,0.598284,0.791935,0.253202,1.472478,1.323678,3.127686,76.923077,378,60,60,50,60,24.528302,100,65,66.666667,62.5,65,62.5,15.555556,39.370079,33.333333,36.764706,60,32.142857
0,0.181054,0.883699,0.247997,0.124951,4.880865,3.563338,7.072348,61.538462,363,56.666667,56.666667,33.333333,56.666667,26.415094,75,55,58.333333,62.5,50,50,14.444444,39.370079,33.333333,36.764706,56,30.714286
999,0.838169,0.286639,0.680387,0.074054,0.088353,0.258355,0.108842,76.923077,366,60,60,50,60,24.528302,100,90,83.333333,87.5,65,87.5,15.555556,35.433071,30,29.411765,48,30
0,0.578103,0.102378,0.767418,0.066558,0.177094,0.133406,1.538176,61.538462,363,56.666667,56.666667,33.333333,56.666667,26.415094,75,55,58.333333,62.5,50,50,14.444444,39.370079,33.333333,36.764706,56,30.714286
0,0.710182,0.180189,0.327999,0.169887,0.253723,0.54936,1.06064,61.538462,363,56.666667,56.666667,33.333333,56.666667,26.415094,75,55,58.333333,62.5,50,50,14.444444,39.370079,33.333333,36.764706,56,30.714286
100,0.942008,0.740023,0.44675,0.352046,0.474253,0.603698,1.269011,76.923077,379,60,60,50,60,26.415094,100,65,66.666667,62.5,65,62.5,15.555556,39.370079,33.333333,36.764706,60,32.142857
0,0.315404,0.088753,0.302216,0.374063,0.281394,0.293674,0.237267,61.538462,362,56.666667,56.666667,33.333333,56.666667,24.528302,75,55,58.333333,62.5,50,50,14.444444,39.370079,33.333333,36.764706,56,30.714286
999,0.57392,0.017676,0.244996,0.692844,1.207215,39.197437,2.827977,76.923077,367,60,60,50,60,26.415094,100,90,83.333333,87.5,65,87.5,15.555556,35.433071,30,29.411765,48,30
0,0.713652,0.935984,0.031291,0.781421,1.311541,29.912006,1.197797,61.538462,362,56.666667,56.666667,33.333333,56.666667,24.528302,75,55,58.333333,62.5,50,50,14.444444,39.370079,33.333333,36.764706,56,30.714286
100,0.18448,0.717861,0.805593,0.643236,4.366819,1.122214,1.252406,76.923077,379,60,60,50,60,26.415094,100,65,66.666667,62.5,65,62.5,15.555556,39.370079,33.333333,36.764706,60,32.142857
0,0.306956,0.419188,0.930817,0.912365,1.36563,0.450344,0.459452,61.538462,363,56.666667,56.666667,33.333333,56.666667,26.415094,75,55,58.333333,62.5,50,50,14.444444,39.370079,33.333333,36.764706,56,30.714286
999,0.60853,0.901332,0.961591,0.582368,0.957009,0.64612,0.60563,76.923077,367,60,60,50,60,26.415094,100,90,83.333333,87.5,65,87.5,15.555556,35.433071,30,29.411765,48,30
-100,0.069093,0.941024,0.502099,0.27655,0.073423,0.137608,0.249838,46.153846,340,53.333333,53.333333,16.666667,53.333333,24.528302,50,30,25,25,35,25,13.333333,39.370079,33.333333,35.294118,60,31.428571
0,0.092319,0.143337,0.730706,0.396097,1.552632,0.196163,0.361874,61.538462,362,56.666667,56.666667,33.333333,56.666667,24.528302,75,55,58.333333,62.5,50,50,14.444444,39.370079,33.333333,36.764706,56,30.714286
-100,0.621855,0.004058,0.842224,0.381627,153.241562,0.738348,1.629484,46.153846,340,53.333333,53.333333,16.666667,53.333333,24.528302,50,30,25,25,35,25,13.333333,39.370079,33.333333,35.294118,60,31.428571
999,0.693825,0.602487,0.167095,0.01942,0.02799,0.032233,0.116221,76.923077,367,60,60,50,60,26.415094,100,90,83.333333,87.5,65,87.5,15.555556,35.433071,30,29.411765,48,30
100,0.069388,0.839856,0.274394,0.119474,3.954485,0.326715,2.296675,76.923077,378,60,60,50,60,24.528302,100,65,66.666667,62.5,65,62.5,15.555556,39.370079,33.333333,36.764706,60,32.142857
100,0.951857,0.245271,0.488577,0.426932,0.513288,1.991986,1.144391,76.923077,378,60,60,50,60,24.528302,100,65,66.666667,62.5,65,62.5,15.555556,39.370079,33.333333,36.764706,60,32.142857
-100,0.094187,0.361645,0.358084,0.283766,0.26044,0.26303,0.331918,46.153846,340,53.333333,53.333333,16.666667,53.333333,24.528302,50,30,25,25,35,25,13.333333,39.370079,33.333333,35.294118,60,31.428571
100,0.922387,0.833807,0.43665,0.148595,0.473391,0.523683,2.938535,76.923077,379,60,60,50,60,26.415094,100,65,66.666667,62.5,65,62.5,15.555556,39.370079,33.333333,36.764706,60,32.142857
-100,0.726351,0.739454,0.354444,0.435355,0.98228,2.049272,1.668411,46.153846,340,53.333333,53.333333,16.666667,53.333333,24.528302,50,30,25,25,35,25,13.333333,39.370079,33.333333,35.294118,60,31.428571
-100,0.949247,0.855666,0.4204,0.677459,1.109367,2.257964,1.401188,46.153846,340,53.333333,53.333333,16.666667,53.333333,24.528302,50,30,25,25,35,25,13.333333,39.370079,33.333333,35.294118,60,31.428571
-100,0.567254,0.410964,0.009163,0.722066,1.380301,61.909714,0.785599,46.153846,340,53.333333,53.333333,16.666667,53.333333,24.528302,50,30,25,25,35,25,13.333333,39.370079,33.333333,35.294118,60,31.428571
0,0.44614,0.577668,0.005122,0.073307,1.294814,112.784233,7.880124,61.538462,363,56.666667,56.666667,33.333333,56.666667,26.415094,75,55,58.333333,62.5,50,50,14.444444,39.370079,33.333333,36.764706,56,30.714286
100,0.064735,0.541506,0.770086,0.431965,11.895973,1.422121,1.782752,76.923077,379,60,60,50,60,26.415094,100,65,66.666667,62.5,65,62.5,15.555556,39.370079,33.333333,36.764706,60,32.142857
-100,0.92355,0.947263,0.864186,0.362568,0.974967,1.068693,2.547247,46.153846,341,53.333333,53.333333,16.666667,53.333333,26.415094,50,30,25,25,35,25,13.333333,39.370079,33.333333,35.294118,60,31.428571
0,0.397789,0.919204,0.443992,0.020411,2.310781,2.070316,45.035629,61.538462,362,56.666667,56.666667,33.333333,56.666667,24.528302,75,55,58.333333,62.5,50,50,14.444444,39.370079,33.333333,36.764706,56,30.714286
0,0.676964,0.452758,0.23677,0.345248,0.668807,1.912229,1.3114,61.538462,363,56.666667,56.666667,33.333333,56.666667,26.415094,75,55,58.333333,62.5,50,50,14.444444,39.370079,33.333333,36.764706,56,30.714286
999,0.348018,0.567562,0.951633,0.617107,1.773205,1.087293,0.648471,76.923077,367,60,60,50,60,26.415094,100,90,83.333333,87.5,65,87.5,15.555556,35.433071,30,29.411765,48,30
999,0.267058,0.700365,0.763921,0.309222,1.157881,0.441515,0.404782,76.923077,366,60,60,50,60,24.528302,100,90,83.333333,87.5,65,87.5,15.555556,35.433071,30,29.411765,48,30
999,0.462202,0.249786,0.509118,0.9847,2.130455,3.942171,1.93413,76.923077,366,60,60,50,60,24.528302,100,90,83.333333,87.5,65,87.5,15.555556,35.433071,30,29.411765,48,30
0,0.098308,0.667222,0.474008,0.827013,6.787083,1.407616,0.806785,61.538462,362,56.666667,56.666667,33.333333,56.666667,24.528302,75,55,58.333333,62.5,50,50,14.444444,39.370079,33.333333,36.764706,56,30.714286
0,0.479461,0.543703,0.338155,0.965693,1.133988,1.607852,0.563019,61.538462,362,56.666667,56.666667,33.333333,56.666667,24.528302,75,55,58.333333,62.5,50,50,14.444444,39.370079,33.333333,36.764706,56,30.714286
-100,0.876019,0.687335,0.388926,0.178913,1.274516,2.252406,4.896339,46.153846,340,53.333333,53.333333,16.666667,53.333333,24.528302,50,30,25,25,35,25,13.333333,39.370079,33.333333,35.294118,60,31.428571
100,0.641228,0.326106,0.820077,0.884572,1.278916,2.514754,0.927089,76.923077,378,60,60,50,60,24.528302,100,65,66.666667,62.5,65,62.5,15.555556,39.370079,33.333333,36.764706,60,32.142857
-100,0.774409,0.011168,0.083181,0.07824,69.342155,9.30988,9.897879,46.153846,341,53.333333,53.333333,16.666667,53.333333,26.415094,50,30,25,25,35,25,13.333333,39.370079,33.333333,35.294118,60,31.428571
0,0.472101,0.212913,0.516349,0.451572,0.45099,0.412343,0.471493,61.538462,363,56.666667,56.666667,33.333333,56.666667,26.415094,75,55,58.333333,62.5,50,50,14.444444,39.370079,33.333333,36.764706,56,30.714286
0,0.102212,0.068796,0.088905,0.204843,0.673067,0.773812,0.335846,61.538462,362,56.666667,56.666667,33.333333,56.666667,24.528302,75,55,58.333333,62.5,50,50,14.444444,39.370079,33.333333,36.764706,56,30.714286
999,0.993033,0.129228,0.051969,0.994738,1.001716,7.69756,19.141005,76.923077,367,60,60,50,60,26.415094,100,90,83.333333,87.5,65,87.5,15.555556,35.433071,30,29.411765,48,30
-100,0.178807,0.246142,0.867928,0.491637,0.72644,0.206016,0.363698,46.153846,340,53.333333,53.333333,16.666667,53.333333,24.528302,50,30,25,25,35,25,13.333333,39.370079,33.333333,35.294118,60,31.428571
0,0.449783,0.445541,0.519874,0.214274,0.990567,0.857017,2.079308,61.538462,363,56.666667,56.666667,33.333333,56.666667,26.415094,75,55,58.333333,62.5,50,50,14.444444,39.370079,33.333333,36.764706,56,30.714286
0,0.395575,0.025244,0.993882,0.29143,0.063817,0.0254,0.086622,61.538462,362,56.666667,56.666667,33.333333,56.666667,24.528302,75,55,58.333333,62.5,50,50,14.444444,39.370079,33.333333,36.764706,56,30.714286
-100,0.767636,0.952455,0.096834,0.024754,0.805954,7.927346,31.01111,46.153846,340,53.333333,53.333333,16.666667,53.333333,24.528302,50,30,25,25,35,25,13.333333,39.370079,33.333333,35.294118,60,31.428571
0,0.728589,0.305582,0.662413,0.429791,0.419416,0.461316,0.711001,61.538462,362,56.666667,56.666667,33.333333,56.666667,24.528302,75,55,58.333333,62.5,50,50,14.444444,39.370079,33.333333,36.764706,56,30.714286
-100,0.116514,0.416505,0.372585,0.978793,0.279742,0.312718,0.119039,46.153846,340,53.333333,53.333333,16.666667,53.333333,24.528302,50,30,25,25,35,25,13.333333,39.370079,33.333333,35.294118,60,31.428571
100,0.932087,0.028854,0.981006,0.416768,1.052484,33.99931,2.35384,76.923077,378,60,60,50,60,24.528302,100,65,66.666667,62.5,65,62.5,15.555556,39.370079,33.333333,36.764706,60,32.142857
999,0.658613,0.852582,0.492462,0.523947,0.795531,0.614541,1.063933,76.923077,366,60,60,50,60,24.528302,100,90,83.333333,87.5,65,87.5,15.555556,35.433071,30,29.411765,48,30
999,0.97782,0.508802,0.626608,0.903074,0.923558,1.774903,1.441211,76.923077,367,60,60,50,60,26.415094,100,90,83.333333,87.5,65,87.5,15.555556,35.433071,30,29.411765,48,30
999,0.568537,0.978728,0.543272,0.850826,1.496519,0.869319,1.566114,76.923077,366,60,60,50,60,24.528302,100,90,83.333333,87.5,65,87.5,15.555556,35.433071,30,29.411765,48,30
0,0.32598,0.85894,0.461842,0.955188,2.634949,1.859811,0.899237,61.538462,362,56.666667,56.666667,33.333333,56.666667,24.528302,75,55,58.333333,62.5,50,50,14.444444,39.370079,33.333333,36.764706,56,30.714286
-100,0.261416,0.712826,0.843957,0.147424,0.366732,0.30975,1.773224,46.153846,341,53.333333,53.333333,16.666667,53.333333,26.415094,50,30,25,25,35,25,13.333333,39.370079,33.333333,35.294118,60,31.428571
0,0.12661,0.868037,0.276592,0.54138,6.855995,3.138335,1.60338,61.538462,363,56.666667,56.666667,33.333333,56.666667,26.415094,75,55,58.333333,62.5,50,50,14.444444,39.370079,33.333333,36.764706,56,30.714286
999,0.719671,0.299412,0.737614,0.593183,0.824241,1.981156,0.804192,76.923077,367,60,60,50,60,26.415094,100,90,83.333333,87.5,65,87.5,15.555556,35.433071,30,29.411765,48,30
100,0.321557,0.487155,0.468464,0.453625,1.456861,0.961632,1.03271,76.923077,379,60,60,50,60,26.415094,100,65,66.666667,62.5,65,62.5,15.555556,39.370079,33.333333,36.764706,60,32.142857
-100,0.758938,0.505583,0.83832,0.03604,1.501116,0.905309,21.057976,46.153846,341,53.333333,53.333333,16.666667,53.333333,26.415094,50,30,25,25,35,25,13.333333,39.370079,33.333333,35.294118,60,31.428571
-100,0.005093,0.813617,0.205872,0.424255,0.00626,0.02474,0.012005,46.153846,340,53.333333,53.333333,16.666667,53.333333,24.528302,50,30,25,25,35,25,13.333333,39.370079,33.333333,35.294118,60,31.428571
999,0.78645,0.402917,0.204348,0.499171,0.634714,1.238892,2.442745,76.923077,367,60,60,50,60,26.415094,100,90,83.333333,87.5,65,87.5,15.555556,35.433071,30,29.411765,48,30
-100,0.439246,0.433516,0.626747,0.288379,1.013218,0.700836,1.523158,46.153846,341,53.333333,53.333333,16.666667,53.333333,26.415094,50,30,25,25,35,25,13.333333,39.370079,33.333333,35.294118,60,31.428571
100,0.88721,0.362683,0.94437,0.897597,1.064426,2.603841,1.052108,76.923077,379,60,60,50,60,26.415094,100,65,66.666667,62.5,65,62.5,15.555556,39.370079,33.333333,36.764706,60,32.142857
0,0.472463,0.243574,0.203242,0.712119,0.515542,1.198443,0.342042,61.538462,363,56.666667,56.666667,33.333333,56.666667,26.415094,75,55,58.333333,62.5,50,50,14.444444,39.370079,33.333333,36.764706,56,30.714286
0,0.529118,0.053157,0.1443,0.955897,0.100464,0.368378,0.05561,61.538462,362,56.666667,56.666667,33.333333,56.666667,24.528302,75,55,58.333333,62.5,50,50,14.444444,39.370079,33.333333,36.764706,56,30.714286
100,0.47821,0.852091,0.848784,0.91731,1.774918,0.996119,0.925297,76.923077,378,60,60,50,60,24.528302,100,65,66.666667,62.5,65,62.5,15.555556,39.370079,33.333333,36.764706,60,32.142857
0,0.757725,0.146585,0.386777,0.486449,0.193454,0.378991,0.301337,61.538462,363,56.666667,56.666667,33.333333,56.666667,26.415094,75,55,58.333333,62.5,50,50,14.444444,39.370079,33.333333,36.764706,56,30.714286
999,0.932483,0.620631,0.853568,0.828663,0.888664,1.335194,0.970823,76.923077,367,60,60,50,60,26.415094,100,90,83.333333,87.5,65,87.5,15.555556,35.433071,30,29.411765,48,30
100,0.610147,0.793829,0.901668,0.725468,1.477787,1.135847,1.242876,76.923077,378,60,60,50,60,24.528302,100,65,66.666667,62.5,65,62.5,15.555556,39.370079,33.333333,36.764706,60,32.142857
999,0.37309,0.64171,0.919406,0.361421,0.968725,0.563216,0.393103,76.923077,367,60,60,50,60,26.415094,100,90,83.333333,87.5,65,87.5,15.555556,35.433071,30,29.411765,48,30
100,0.157098,0.093599,0.590594,0.215391,3.759404,6.309848,2.74196,76.923077,378,60,60,50,60,24.528302,100,65,66.666667,62.5,65,62.5,15.555556,39.370079,33.333333,36.764706,60,32.142857
999,0.472199,0.074835,0.59168,0.981228,2.077997,13.111942,1.658376,76.923077,367,60,60,50,60,26.415094,100,90,83.333333,87.5,65,87.5,15.555556,35.433071,30,29.411765,48,30
0,0.683313,0.747887,0.754708,0.122179,1.094502,0.990962,6.12122,61.538462,362,56.666667,56.666667,33.333333,56.666667,24.528302,75,55,58.333333,62.5,50,50,14.444444,39.370079,33.333333,36.764706,56,30.714286
-100,0.244805,0.682449,0.198272,0.5139,0.358715,1.23469,0.476366,46.153846,341,53.333333,53.333333,16.666667,53.333333,26.415094,50,30,25,25,35,25,13.333333,39.370079,33.333333,35.294118,60,31.428571
999,0.586744,0.634909,0.067438,0.244872,0.417341,0.385681,3.631047,76.923077,367,60,60,50,60,26.415094,100,90,83.333333,87.5,65,87.5,15.555556,35.433071,30,29.411765,48,30
0,0.496312,0.791163,0.392878,0.87656,1.594085,2.013764,0.902577,61.538462,362,56.666667,56.666667,33.333333,56.666667,24.528302,75,55,58.333333,62.5,50,50,14.444444,39.370079,33.333333,36.764706,56,30.714286
0,0.27172,0.070145,0.340328,0.63561,0.258151,0.20611,0.110358,61.538462,362,56.666667,56.666667,33.333333,56.666667,24.528302,75,55,58.333333,62.5,50,50,14.444444,39.370079,33.333333,36.764706,56,30.714286
999,0.225571,0.230304,0.931245,0.995443,4.412985,4.322292,1.068938,76.923077,367,60,60,50,60,26.415094,100,90,83.333333,87.5,65,87.5,15.555556,35.433071,30,29.411765,48,30
999,0.586033,0.186952,0.902758,0.098949,0.168846,0.529279,0.109608,76.923077,367,60,60,50,60,26.415094,100,90,83.333333,87.5,65,87.5,15.555556,35.433071,30,29.411765,48,30
-100,0.314289,0.260107,0.417622,0.999128,1.208306,0.752569,0.314564,46.153846,341,53.333333,53.333333,16.666667,53.333333,26.415094,50,30,25,25,35,25,13.333333,39.370079,33.333333,35.294118,60,31.428571
-100,0.717911,0.828945,0.633291,0.487394,0.866054,1.133619,1.472957,46.153846,340,53.333333,53.333333,16.666667,53.333333,24.528302,50,30,25,25,35,25,13.333333,39.370079,33.333333,35.294118,60,31.428571
-100,0.733169,0.311478,0.031574,0.980436,2.353836,23.220867,0.747799,46.153846,341,53.333333,53.333333,16.666667,53.333333,26.415094,50,30,25,25,35,25,13.333333,39.370079,33.333333,35.294118,60,31.428571
-100,0.006603,0.520097,0.970873,0.880439,0.012696,0.006801,0.0075,46.153846,341,53.333333,53.333333,16.666667,53.333333,26.415094,50,30,25,25,35,25,13.333333,39.370079,33.333333,35.294118,60,31.428571
-100,0.666343,0.833784,0.652016,0.240158,0.79918,1.021974,2.774607,46.153846,341,53.333333,53.333333,16.666667,53.333333,26.415094,50,30,25,25,35,25,13.333333,39.370079,33.333333,35.294118,60,31.428571
-100,0.622961,0.034011,0.11477,0.909626,18.316311,5.427927,0.684854,46.153846,340,53.333333,53.333333,16.666667,53.333333,24.528302,50,30,25,25,35,25,13.333333,39.370079,33.333333,35.294118,60,31.428571
100,0.023328,0.817333,0.185563,0.039796,7.954649,0.227035,4.662814,76.923077,378,60,60,50,60,24.528302,100,65,66.666667,62.5,65,62.5,15.555556,39.370079,33.333333,36.764706,60,32.142857
999,0.481701,0.788043,0.90244,0.634948,1.318137,0.805727,0.703589,76.923077,366,60,60,50,60,24.528302,100,90,83.333333,87.5,65,87.5,15.555556,35.433071,30,29.411765,48,30
-100,0.116413,0.912793,0.901222,0.558959,0.127535,0.129173,0.208268,46.153846,341,53.333333,53.333333,16.666667,53.333333,26.415094,50,30,25,25,35,25,13.333333,39.370079,33.333333,35.294118,60,31.428571
100,0.314575,0.349773,0.688724,0.836482,2.189384,1.969063,0.823358,76.923077,379,60,60,50,60,26.415094,100,65,66.666667,62.5,65,62.5,15.555556,39.370079,33.333333,36.764706,60,32.142857
999,0.104398,0.901278,0.091335,0.381683,3.656016,0.42349,4.178908,76.923077,366,60,60,50,60,24.528302,100,90,83.333333,87.5,65,87.5,15.555556,35.433071,30,29.411765,48,30
0,0.645226,0.635438,0.69242,0.776739,0.984831,0.917706,0.818085,61.538462,363,56.666667,56.666667,33.333333,56.666667,26.415094,75,55,58.333333,62.5,50,50,14.444444,39.370079,33.333333,36.764706,56,30.714286
100,0.548955,0.063083,0.173476,0.632534,0.316011,2.749969,0.274255,76.923077,378,60,60,50,60,24.528302,100,65,66.666667,62.5,65,62.5,15.555556,39.370079,33.333333,36.764706,60,32.142857
999,0.542791,0.094674,0.764453,0.273482,0.503843,2.888657,0.357748,76.923077,367,60,60,50,60,26.415094,100,90,83.333333,87.5,65,87.5,15.555556,35.433071,30,29.411765,48,30
-100,0.343679,0.553785,0.626767,0.538842,0.6206,0.548337,0.637811,46.153846,341,53.333333,53.333333,16.666667,53.333333,26.415094,50,30,25,25,35,25,13.333333,39.370079,33.333333,35.294118,60,31.428571
-100,0.244975,0.289013,0.733009,0.091681,0.847624,0.334204,2.67202,46.153846,340,53.333333,53.333333,16.666667,53.333333,24.528302,50,30,25,25,35,25,13.333333,39.370079,33.333333,35.294118,60,31.428571
100,0.944443,0.153827,0.822777,0.510612,0.871177,5.348721,1.611353,76.923077,378,60,60,50,60,24.528302,100,65,66.666667,62.5,65,62.5,15.555556,39.370079,33.333333,36.764706,60,32.142857
0,0.333255,0.772013,0.220927,0.43925,2.316584,3.494429,1.757573,61.538462,363,56.666667,56.666667,33.333333,56.666667,26.415094,75,55,58.333333,62.5,50,50,14.444444,39.370079,33.333333,36.764706,56,30.714286
-100,0.85321,0.19068,0.325856,0.489343,4.474558,2.618365,1.743581,46.153846,340,53.333333,53.333333,16.666667,53.333333,24.528302,50,30,25,25,35,25,13.333333,39.370079,33.333333,35.294118,60,31.428571
100,0.116457,0.768148,0.98953,0.564186,8.496943,1.288202,1.753907,76.923077,378,60,60,50,60,24.528302,100,65,66.666667,62.5,65,62.5,15.555556,39.370079,33.333333,36.764706,60,32.142857
100,0.495576,0.278883,0.121867,0.459718,0.24591,0.436983,0.265091,76.923077,379,60,60,50,60,26.415094,100,65,66.666667,62.5,65,62.5,15.555556,39.370079,33.333333,36.764706,60,32.142857
0,0.130288,0.403632,0.120649,0.383729,3.097991,3.345501,1.051866,61.538462,363,56.666667,56.666667,33.333333,56.666667,26.415094,75,55,58.333333,62.5,50,50,14.444444,39.370079,33.333333,36.764706,56,30.714286
999,0.058368,0.698227,0.533118,0.409289,7.012161,0.586183,0.767727,76.923077,367,60,60,50,60,26.415094,100,90,83.333333,87.5,65,87.5,15.555556,35.433071,30,29.411765,48,30
0,0.883978,0.385612,0.776662,0.743482,0.436223,0.496499,0.518656,61.538462,362,56.666667,56.666667,33.333333,56.666667,24.528302,75,55,58.333333,62.5,50,50,14.444444,39.370079,33.333333,36.764706,56,30.714286
100,0.038293,0.165781,0.779098,0.641207,20.34544,4.699558,1.215049,76.923077,378,60,60,50,60,24.528302,100,65,66.666667,62.5,65,62.5,15.555556,39.370079,33.333333,36.764706,60,32.142857
999,0.028737,0.170239,0.141178,0.037447,1.303088,0.219968,0.265248,76.923077,367,60,60,50,60,26.415094,100,90,83.333333,87.5,65,87.5,15.555556,35.433071,30,29.411765,48,30
100,0.321503,0.234676,0.338409,0.806966,1.052584,1.442026,0.419359,76.923077,378,60,60,50,60,24.528302,100,65,66.666667,62.5,65,62.5,15.555556,39.370079,33.333333,36.764706,60,32.142857
999,0.505448,0.84827,0.048591,0.890634,1.762068,1.049942,18.329281,76.923077,366,60,60,50,60,24.528302,100,90,83.333333,87.5,65,87.5,15.555556,35.433071,30,29.411765,48,30
-100,0.442681,0.657865,0.120042,0.137056,0.672905,3.687708,3.229934,46.153846,341,53.333333,53.333333,16.666667,53.333333,26.415094,50,30,25,25,35,25,13.333333,39.370079,33.333333,35.294118,60,31.428571
999,0.357539,0.088338,0.893682,0.431103,1.20575,4.880143,0.48239,76.923077,366,60,60,50,60,24.528302,100,90,83.333333,87.5,65,87.5,15.555556,35.433071,30,29.411765,48,30
-100,0.225689,0.365486,0.731351,0.388937,0.617504,0.308592,0.580272,46.153846,341,53.333333,53.333333,16.666667,53.333333,26.415094,50,30,25,25,35,25,13.333333,39.370079,33.333333,35.294118,60,31.428571
999,0.853045,0.801235,0.304358,0.689006,0.807702,0.85993,2.263803,76.923077,367,60,60,50,60,26.415094,100,90,83.333333,87.5,65,87.5,15.555556,35.433071,30,29.411765,48,30
100,0.648295,0.23354,0.727773,0.28915,1.122596,3.116271,2.516939,76.923077,378,60,60,50,60,24.528302,100,65,66.666667,62.5,65,62.5,15.555556,39.370079,33.333333,36.764706,60,32.142857
-100,0.553699,0.155833,0.906978,0.888192,3.553159,0.610487,0.623399,46.153846,340,53.333333,53.333333,16.666667,53.333333,24.528302,50,30,25,25,35,25,13.333333,39.370079,33.333333,35.294118,60,31.428571
0,0.979597,0.394681,0.113748,0.163673,0.402901,3.469794,2.411401,61.538462,362,56.666667,56.666667,33.333333,56.666667,24.528302,75,55,58.333333,62.5,50,50,14.444444,39.370079,33.333333,36.764706,56,30.714286
-100,0.997717,0.931831,0.006385,0.945611,1.070707,156.266144,1.055103,46.153846,340,53.333333,53.333333,16.666667,53.333333,24.528302,50,30,25,25,35,25,13.333333,39.370079,33.333333,35.294118,60,31.428571
0,0.997882,0.002334,0.942849,0.139545,0.002339,0.002475,0.016724,61.538462,362,56.666667,56.666667,33.333333,56.666667,24.528302,75,55,58.333333,62.5,50,50,14.444444,39.370079,33.333333,36.764706,56,30.714286
-100,0.832081,0.242692,0.037844,0.712226,3.42854,21.986841,1.168282,46.153846,341,53.333333,53.333333,16.666667,53.333333,26.415094,50,30,25,25,35,25,13.333333,39.370079,33.333333,35.294118,60,31.428571
-100,0.389327,0.443133,0.008618,0.357031,0.878577,45.17384,1.090457,46.153846,341,53.333333,53.333333,16.666667,53.333333,26.415094,50,30,25,25,35,25,13.333333,39.370079,33.333333,35.294118,60,31.428571
100,0.554679,0.418227,0.305216,0.332558,0.550256,0.729785,0.917784,76.923077,379,60,60,50,60,26.415094,100,65,66.666667,62.5,65,62.5,15.555556,39.370079,33.333333,36.764706,60,32.142857
0,0.187937,0.477916,0.816005,0.903951,2.542965,0.585678,0.528697,61.538462,363,56.666667,56.666667,33.333333,56.666667,26.415094,75,55,58.333333,62.5,50,50,14.444444,39.370079,33.333333,36.764706,56,30.714286
999,0.186034,0.322871,0.403799,0.285439,1.534342,0.884065,0.706884,76.923077,366,60,60,50,60,24.528302,100,90,83.333333,87.5,65,87.5,15.555556,35.433071,30,29.411765,48,30
0,0.284554,0.53669,0.528776,0.740332,1.886076,1.014966,0.724932,61.538462,362,56.666667,56.666667,33.333333,56.666667,24.528302,75,55,58.333333,62.5,50,50,14.444444,39.370079,33.333333,36.764706,56,30.714286
0,0.609222,0.5753,0.696618,0.633878,0.944319,0.825847,0.907587,61.538462,363,56.666667,56.666667,33.333333,56.666667,26.415094,75,55,58.333333,62.5,50,50,14.444444,39.370079,33.333333,36.764706,56,30.714286
0,0.099604,0.154665,0.878911,0.188751,1.552795,0.175973,0.819413,61.538462,362,56.666667,56.666667,33.333333,56.666667,24.528302,75,55,58.333333,62.5,50,50,14.444444,39.370079,33.333333,36.764706,56,30.714286
999,0.946079,0.744254,0.37042,0.630285,0.666207,0.846868,1.701541,76.923077,367,60,60,50,60,26.415094,100,90,83.333333,87.5,65,87.5,15.555556,35.433071,30,29.411765,48,30
0,0.31821,0.239502,0.727221,0.011194,0.752653,0.329339,21.395355,61.538462,363,56.666667,56.666667,33.333333,56.666667,26.415094,75,55,58.333333,62.5,50,50,14.444444,39.370079,33.333333,36.764706,56,30.714286
999,0.970578,0.778193,0.573948,0.357195,0.368023,0.459006,0.622348,76.923077,366,60,60,50,60,24.528302,100,90,83.333333,87.5,65,87.5,15.555556,35.433071,30,29.411765,48,30
-100,0.373741,0.507404,0.536988,0.265869,0.736574,0.695995,1.405732,46.153846,341,53.333333,53.333333,16.666667,53.333333,26.415094,50,30,25,25,35,25,13.333333,39.370079,33.333333,35.294118,60,31.428571
0,0.69992,0.222824,0.494159,0.227109,0.318356,0.450915,0.98113,61.538462,362,56.666667,56.666667,33.333333,56.666667,24.528302,75,55,58.333333,62.5,50,50,14.444444,39.370079,33.333333,36.764706,56,30.714286
-100,0.658067,0.262792,0.322849,0.515591,2.504135,2.038312,1.276335,46.153846,341,53.333333,53.333333,16.666667,53.333333,26.415094,50,30,25,25,35,25,13.333333,39.370079,33.333333,35.294118,60,31.428571
-100,0.37303,0.378388,0.457341,0.726349,0.98584,0.81565,0.513569,46.153846,340,53.333333,53.333333,16.666667,53.333333,24.528302,50,30,25,25,35,25,13.333333,39.370079,33.333333,35.294118,60,31.428571
-100,0.394682,0.008561,0.803219,0.28277,46.104858,0.491376,1.395771,46.153846,340,53.333333,53.333333,16.666667,53.333333,24.528302,50,30,25,25,35,25,13.333333,39.370079,33.333333,35.294118,60,31.428571
999,0.389637,0.421208,0.30494,0.19358,0.49682,0.459581,0.634813,76.923077,366,60,60,50,60,24.528302,100,90,83.333333,87.5,65,87.5,15.555556,35.433071,30,29.411765,48,30
0,0.690795,0.543461,0.572232,0.709721,0.786717,0.94972,0.765739,61.538462,362,56.666667,56.666667,33.333333,56.666667,24.528302,75,55,58.333333,62.5,50,50,14.444444,39.370079,33.333333,36.764706,56,30.714286
100,0.284841,0.885773,0.712137,0.492217,2.500124,0.803972,1.446793,76.923077,379,60,60,50,60,26.415094,100,65,66.666667,62.5,65,62.5,15.555556,39.370079,33.333333,36.764706,60,32.142857
-100,0.239935,0.659548,0.057145,0.780294,0.363787,4.198679,0.307493,46.153846,340,53.333333,53.333333,16.666667,53.333333,24.528302,50,30,25,25,35,25,13.333333,39.370079,33.333333,35.294118,60,31.428571
100,0.524603,0.435293,0.50048,0.188849,0.954017,1.149755,2.650163,76.923077,379,60,60,50,60,26.415094,100,65,66.666667,62.5,65,62.5,15.555556,39.370079,33.333333,36.764706,60,32.142857
0,0.122613,0.432719,0.952649,0.95443,3.529161,0.454227,0.45338,61.538462,363,56.666667,56.666667,33.333333,56.666667,26.415094,75,55,58.333333,62.5,50,50,14.444444,39.370079,33.333333,36.764706,56,30.714286
0,0.839818,0.029154,0.472627,0.756634,0.034715,0.061685,0.038531,61.538462,362,56.666667,56.666667,33.333333,56.666667,24.528302,75,55,58.333333,62.5,50,50,14.444444,39.370079,33.333333,36.764706,56,30.714286
100,0.86614,0.54225,0.902127,0.030951,1.041548,1.663674,29.147259,76.923077,378,60,60,50,60,24.528302,100,65,66.666667,62.5,65,62.5,15.555556,39.370079,33.333333,36.764706,60,32.142857
999,0.975275,0.742666,0.537657,0.900794,0.923631,1.212919,1.675405,76.923077,367,60,60,50,60,26.415094,100,90,83.333333,87.5,65,87.5,15.555556,35.433071,30,29.411765,48,30
100,0.71292,0.956042,0.354024,0.985943,0.496582,0.370301,0.359071,76.923077,378,60,60,50,60,24.528302,100,65,66.666667,62.5,65,62.5,15.555556,39.370079,33.333333,36.764706,60,32.142857
-100,0.42862,0.471437,0.077154,0.711061,0.909179,5.555384,0.60279,46.153846,341,53.333333,53.333333,16.666667,53.333333,26.415094,50,30,25,25,35,25,13.333333,39.370079,33.333333,35.294118,60,31.428571
-100,0.77378,0.532093,0.218626,0.983817,1.454221,3.539283,0.786508,46.153846,341,53.333333,53.333333,16.666667,53.333333,26.415094,50,30,25,25,35,25,13.333333,39.370079,33.333333,35.294118,60,31.428571
0,0.16195,0.077218,0.851075,0.587607,0.476801,0.09073,0.131411,61.538462,363,56.666667,56.666667,33.333333,56.666667,26.415094,75,55,58.333333,62.5,50,50,14.444444,39.370079,33.333333,36.764706,56,30.714286
999,0.571895,0.660804,0.532427,0.763036,1.334223,1.154709,1.433127,76.923077,367,60,60,50,60,26.415094,100,90,83.333333,87.5,65,87.5,15.555556,35.433071,30,29.411765,48,30
-100,0.135623,0.446857,0.16736,0.689732,0.303505,0.810369,0.196632,46.153846,341,53.333333,53.333333,16.666667,53.333333,26.415094,50,30,25,25,35,25,13.333333,39.370079,33.333333,35.294118,60,31.428571
0,0.596989,0.735658,0.986357,0.494136,1.232281,0.745833,1.488776,61.538462,362,56.666667,56.666667,33.333333,56.666667,24.528302,75,55,58.333333,62.5,50,50,14.444444,39.370079,33.333333,36.764706,56,30.714286
999,0.068387,0.763142,0.360254,0.118682,1.73545,0.155518,0.329441,76.923077,367,60,60,50,60,26.415094,100,90,83.333333,87.5,65,87.5,15.555556,35.433071,30,29.411765,48,30
-100,0.695112,0.875472,0.495975,0.407602,0.793985,1.401505,1.705368,46.153846,341,53.333333,53.333333,16.666667,53.333333,26.415094,50,30,25,25,35,25,13.333333,39.370079,33.333333,35.294118,60,31.428571
0,0.85815,0.671982,0.69711,0.686831,0.783059,0.963955,0.97838,61.538462,362,56.666667,56.666667,33.333333,56.666667,24.528302,75,55,58.333333,62.5,50,50,14.444444,39.370079,33.333333,36.764706,56,30.714286
-100,0.210622,0.559531,0.291436,0.182153,0.376427,0.722704,1.156292,46.153846,340,53.333333,53.333333,16.666667,53.333333,24.528302,50,30,25,25,35,25,13.333333,39.370079,33.333333,35.294118,60,31.428571
100,0.204516,0.462289,0.096008,0.452708,0.469441,0.20768,0.212075,76.923077,379,60,60,50,60,26.415094,100,65,66.666667,62.5,65,62.5,15.555556,39.370079,33.333333,36.764706,60,32.142857
100,0.698317,0.774717,0.788126,0.498496,1.128607,1.017308,1.581006,76.923077,379,60,60,50,60,26.415094,100,65,66.666667,62.5,65,62.5,15.555556,39.370079,33.333333,36.764706,60,32.142857
-100,0.401197,0.829595,0.683398,0.713455,0.483606,0.587063,0.56233,46.153846,341,53.333333,53.333333,16.666667,53.333333,26.415094,50,30,25,25,35,25,13.333333,39.370079,33.333333,35.294118,60,31.428571
0,0.118317,0.901707,0.997015,0.935564,7.62113,0.904406,0.96381,61.538462,363,56.666667,56.666667,33.333333,56.666667,26.415094,75,55,58.333333,62.5,50,50,14.444444,39.370079,33.333333,36.764706,56,30.714286
-100,0.248991,0.060146,0.834586,0.868009,4.139802,0.298341,0.286853,46.153846,341,53.333333,53.333333,16.666667,53.333333,26.415094,50,30,25,25,35,25,13.333333,39.370079,33.333333,35.294118,60,31.428571
0,0.948872,0.513353,0.835676,0.093358,0.541014,0.614297,5.498758,61.538462,362,56.666667,56.666667,33.333333,56.666667,24.528302,75,55,58.333333,62.5,50,50,14.444444,39.370079,33.333333,36.764706,56,30.714286
100,0.596943,0.172235,0.444629,0.51071,0.744844,2.581522,0.870611,76.923077,379,60,60,50,60,26.415094,100,65,66.666667,62.5,65,62.5,15.555556,39.370079,33.333333,36.764706,60,32.142857
-100,0.442755,0.578605,0.881993,0.371797,0.765211,0.501994,1.190852,46.153846,340,53.333333,53.333333,16.666667,53.333333,24.528302,50,30,25,25,35,25,13.333333,39.370079,33.333333,35.294118,60,31.428571
999,0.481307,0.189698,0.366699,0.741792,1.541204,3.910387,2.022893,76.923077,366,60,60,50,60,24.528302,100,90,83.333333,87.5,65,87.5,15.555556,35.433071,30,29.411765,48,30
-100,0.922161,0.476002,0.37975,0.368653,1.937303,2.428337,2.501432,46.153846,340,53.333333,53.333333,16.666667,53.333333,24.528302,50,30,25,25,35,25,13.333333,39.370079,33.333333,35.294118,60,31.428571
999,0.520083,0.696441,0.597915,0.035759,0.068756,0.051345,0.059806,76.923077,367,60,60,50,60,26.415094,100,90,83.333333,87.5,65,87.5,15.555556,35.433071,30,29.411765,48,30
-100,0.48038,0.279636,0.35754,0.097971,1.717876,1.343572,4.903281,46.153846,340,53.333333,53.333333,16.666667,53.333333,24.528302,50,30,25,25,35,25,13.333333,39.370079,33.333333,35.294118,60,31.428571
0,0.68923,0.796837,0.618573,0.663244,1.156125,1.288186,1.201423,61.538462,362,56.666667,56.666667,33.333333,56.666667,24.528302,75,55,58.333333,62.5,50,50,14.444444,39.370079,33.333333,36.764706,56,30.714286
999,0.346503,0.169181,0.939656,0.778912,2.247925,4.604029,0.828933,76.923077,367,60,60,50,60,26.415094,100,90,83.333333,87.5,65,87.5,15.555556,35.433071,30,29.411765,48,30
-100,0.700751,0.583337,0.84984,0.466416,1.201278,0.824567,1.502414,46.153846,341,53.333333,53.333333,16.666667,53.333333,26.415094,50,30,25,25,35,25,13.333333,39.370079,33.333333,35.294118,60,31.428571
100,0.765335,0.83961,0.75617,0.529779,0.988026,0.900621,1.42733,76.923077,379,60,60,50,60,26.415094,100,65,66.666667,62.5,65,62.5,15.555556,39.370079,33.333333,36.764706,60,32.142857
-100,0.561017,0.970466,0.379352,0.191941,0.57809,1.478883,2.922862,46.153846,340,53.333333,53.333333,16.666667,53.333333,24.528302,50,30,25,25,35,25,13.333333,39.370079,33.333333,35.294118,60,31.428571
-100,0.646667,0.830746,0.939132,0.473321,0.778418,0.68858,1.366234,46.153846,341,53.333333,53.333333,16.666667,53.333333,26.415094,50,30,25,25,35,25,13.333333,39.370079,33.333333,35.294118,60,31.428571
0,0.752584,0.441801,0.126872,0.630443,0.587045,3.482263,0.700778,61.538462,363,56.666667,56.666667,33.333333,56.666667,26.415094,75,55,58.333333,62.5,50,50,14.444444,39.370079,33.333333,36.764706,56,30.714286
100,0.939267,0.00716,0.94419,0.801892,1.005241,131.86116,1.177452,76.923077,379,60,60,50,60,26.415094,100,65,66.666667,62.5,65,62.5,15.555556,39.370079,33.333333,36.764706,60,32.142857
-100,0.293332,0.629781,0.997852,0.41166,0.465769,0.293964,0.71256,46.153846,340,53.333333,53.333333,16.666667,53.333333,24.528302,50,30,25,25,35,25,13.333333,39.370079,33.333333,35.294118,60,31.428571
-100,0.470628,0.476746,0.73781,0.792094,0.987166,0.637871,0.594156,46.153846,341,53.333333,53.333333,16.666667,53.333333,26.415094,50,30,25,25,35,25,13.333333,39.370079,33.333333,35.294118,60,31.428571
-100,0.17622,0.472024,0.143484,0.034525,0.373328,1.228151,5.104203,46.153846,340,53.333333,53.333333,16.666667,53.333333,24.528302,50,30,25,25,35,25,13.333333,39.370079,33.333333,35.294118,60,31.428571
0,0.964959,0.319793,0.507921,0.126175,0.331406,0.629613,2.534521,61.538462,363,56.666667,56.666667,33.333333,56.666667,26.415094,75,55,58.333333,62.5,50,50,14.444444,39.370079,33.333333,36.764706,56,30.714286
100,0.793331,0.840602,0.999206,0.151193,1.259507,1.18868,6.608828,76.923077,379,60,60,50,60,26.415094,100,65,66.666667,62.5,65,62.5,15.555556,39.370079,33.333333,36.764706,60,32.142857
999,0.713002,0.044158,0.221135,0.336075,0.471353,7.610712,1.519776,76.923077,366,60,60,50,60,24.528302,100,90,83.333333,87.5,65,87.5,15.555556,35.433071,30,29.411765,48,30
-100,0.255495,0.600261,0.35992,0.322226,0.42564,0.709867,0.792907,46.153846,340,53.333333,53.333333,16.666667,53.333333,24.528302,50,30,25,25,35,25,13.333333,39.370079,33.333333,35.294118,60,31.428571
100,0.120177,0.945886,0.634619,0.311691,5.280693,0.670926,2.036053,76.923077,378,60,60,50,60,24.528302,100,65,66.666667,62.5,65,62.5,15.555556,39.370079,33.333333,36.764706,60,32.142857
-100,0.092173,0.966751,0.915327,0.724023,0.095343,0.1007,0.127307,46.153846,341,53.333333,53.333333,16.666667,53.333333,26.415094,50,30,25,25,35,25,13.333333,39.370079,33.333333,35.294118,60,31.428571
0,0.126418,0.078101,0.289973,0.308936,0.617801,0.269339,0.252806,61.538462,363,56.666667,56.666667,33.333333,56.666667,26.415094,75,55,58.333333,62.5,50,50,14.444444,39.370079,33.333333,36.764706,56,30.714286
0,0.052646,0.240383,0.483703,0.836602,4.566064,0.496963,0.287332,61.538462,362,56.666667,56.666667,33.333333,56.666667,24.528302,75,55,58.333333,62.5,50,50,14.444444,39.370079,33.333333,36.764706,56,30.714286
100,0.415019,0.473431,0.569034,0.774442,1.371102,1.201936,0.734766,76.923077,378,60,60,50,60,24.528302,100,65,66.666667,62.5,65,62.5,15.555556,39.370079,33.333333,36.764706,60,32.142857
100,0.536836,0.885993,0.063788,0.871683,0.118821,0.071996,0.073178,76.923077,378,60,60,50,60,24.528302,100,65,66.666667,62.5,65,62.5,15.555556,39.370079,33.333333,36.764706,60,32.142857
0,0.803319,0.710425,0.69657,0.173806,0.884362,1.019889,4.087463,61.538462,363,56.666667,56.666667,33.333333,56.666667,26.415094,75,55,58.333333,62.5,50,50,14.444444,39.370079,33.333333,36.764706,56,30.714286
999,0.707749,0.029525,0.868759,0.688335,0.972569,23.313873,0.792319,76.923077,367,60,60,50,60,26.415094,100,90,83.333333,87.5,65,87.5,15.555556,35.433071,30,29.411765,48,30
999,0.125231,0.764046,0.636798,0.885517,7.071084,1.158984,1.390578,76.923077,367,60,60,50,60,26.415094,100,90,83.333333,87.5,65,87.5,15.555556,35.433071,30,29.411765,48,30
0,0.684859,0.381507,0.761273,0.194278,0.557059,0.501144,1.963713,61.538462,362,56.666667,56.666667,33.333333,56.666667,24.528302,75,55,58.333333,62.5,50,50,14.444444,39.370079,33.333333,36.764706,56,30.714286
999,0.18828,0.156413,0.297387,0.464042,2.464635,2.966763,1.560395,76.923077,367,60,60,50,60,26.415094,100,90,83.333333,87.5,65,87.5,15.555556,35.433071,30,29.411765,48,30
0,0.004573,0.823149,0.173549,0.112071,179.988419,4.743038,7.344876,61.538462,363,56.666667,56.666667,33.333333,56.666667,26.415094,75,55,58.333333,62.5,50,50,14.444444,39.370079,33.333333,36.764706,56,30.714286
0,0.428189,0.17836,0.673652,0.53192,0.416545,0.264766,0.335314,61.538462,363,56.666667,56.666667,33.333333,56.666667,26.415094,75,55,58.333333,62.5,50,50,14.444444,39.370079,33.333333,36.764706,56,30.714286
999,0.221998,0.501891,0.561586,0.711955,3.207035,1.418546,1.267758,76.923077,367,60,60,50,60,26.415094,100,90,83.333333,87.5,65,87.5,15.555556,35.433071,30,29.411765,48,30
100,0.303273,0.371327,0.925424,0.722213,3.051457,2.492207,1.281372,76.923077,379,60,60,50,60,26.415094,100,65,66.666667,62.5,65,62.5,15.555556,39.370079,33.333333,36.764706,60,32.142857
-100,0.80614,0.667679,0.185551,0.012618,1.207375,4.344581,63.886841,46.153846,341,53.333333,53.333333,16.666667,53.333333,26.415094,50,30,25,25,35,25,13.333333,39.370079,33.333333,35.294118,60,31.428571
100,0.760739,0.535382,0.036973,0.532993,0.048602,0.06906,0.069369,76.923077,379,60,60,50,60,26.415094,100,65,66.666667,62.5,65,62.5,15.555556,39.370079,33.333333,36.764706,60,32.142857
-100,0.404994,0.264241,0.949228,0.856888,1.532667,0.426656,0.472633,46.153846,341,53.333333,53.333333,16.666667,53.333333,26.415094,50,30,25,25,35,25,13.333333,39.370079,33.333333,35.294118,60,31.428571
-100,0.145673,0.580879,0.672669,0.391122,0.25078,0.21656,0.37245,46.153846,340,53.333333,53.333333,16.666667,53.333333,24.528302,50,30,25,25,35,25,13.333333,39.370079,33.333333,35.294118,60,31.428571
999,0.631164,0.335651,0.621281,0.404558,0.640971,1.205292,0.651168,76.923077,366,60,60,50,60,24.528302,100,90,83.333333,87.5,65,87.5,15.555556,35.433071,30,29.411765,48,30
0,0.73077,0.193682,0.611656,0.621129,0.265038,0.316652,0.311823,61.538462,362,56.666667,56.666667,33.333333,56.666667,24.528302,75,55,58.333333,62.5,50,50,14.444444,39.370079,33.333333,36.764706,56,30.714286
999,0.440161,0.956052,0.137422,0.405696,0.921698,0.424345,2.952194,76.923077,366,60,60,50,60,24.528302,100,90,83.333333,87.5,65,87.5,15.555556,35.433071,30,29.411765,48,30
999,0.395539,0.749309,0.47018,0.765732,1.935922,1.021917,1.628594,76.923077,366,60,60,50,60,24.528302,100,90,83.333333,87.5,65,87.5,15.555556,35.433071,30,29.411765,48,30
-100,0.954293,0.549624,0.062316,0.316685,1.736266,15.31369,3.013382,46.153846,341,53.333333,53.333333,16.666667,53.333333,26.415094,50,30,25,25,35,25,13.333333,39.370079,33.333333,35.294118,60,31.428571
100,0.696705,0.102369,0.241372,0.766508,0.346449,2.357862,0.314899,76.923077,379,60,60,50,60,26.415094,100,65,66.666667,62.5,65,62.5,15.555556,39.370079,33.333333,36.764706,60,32.142857
999,0.386818,0.361254,0.898285,0.482104,1.246333,1.334528,0.536694,76.923077,366,60,60,50,60,24.528302,100,90,83.333333,87.5,65,87.5,15.555556,35.433071,30,29.411765,48,30
999,0.340311,0.597543,0.16738,0.046315,0.136096,0.077509,0.276707,76.923077,367,60,60,50,60,26.415094,100,90,83.333333,87.5,65,87.5,15.555556,35.433071,30,29.411765,48,30
100,0.345169,0.744816,0.528492,0.77144,1.531109,0.70956,0.685071,76.923077,379,60,60,50,60,26.415094,100,65,66.666667,62.5,65,62.5,15.555556,39.370079,33.333333,36.764706,60,32.142857
100,0.181085,0.829849,0.354655,0.055833,1.958501,0.427373,6.352046,76.923077,378,60,60,50,60,24.528302,100,65,66.666667,62.5,65,62.5,15.555556,39.370079,33.333333,36.764706,60,32.142857
-100,0.720662,0.537105,0.953457,0.285024,1.341752,0.755841,2.52842,46.153846,340,53.333333,53.333333,16.666667,53.333333,24.528302,50,30,25,25,35,25,13.333333,39.370079,33.333333,35.294118,60,31.428571
999,0.112611,0.128289,0.78594,0.547149,4.858747,4.264966,0.696171,76.923077,366,60,60,50,60,24.528302,100,90,83.333333,87.5,65,87.5,15.555556,35.433071,30,29.411765,48,30
100,0.029855,0.182427,0.337376,0.123963,11.300338,1.849378,2.721575,76.923077,379,60,60,50,60,26.415094,100,65,66.666667,62.5,65,62.5,15.555556,39.370079,33.333333,36.764706,60,32.142857
-100,0.562864,0.875878,0.320153,0.882572,0.642628,1.758107,0.637754,46.153846,340,53.333333,53.333333,16.666667,53.333333,24.528302,50,30,25,25,35,25,13.333333,39.370079,33.333333,35.294118,60,31.428571
999,0.821685,0.316814,0.022902,0.504559,0.614054,1.592602,22.031214,76.923077,367,60,60,50,60,26.415094,100,90,83.333333,87.5,65,87.5,15.555556,35.433071,30,29.411765,48,30
100,0.321016,0.529557,0.151618,0.220519,0.472307,0.286311,0.687551,76.923077,379,60,60,50,60,26.415094,100,65,66.666667,62.5,65,62.5,15.555556,39.370079,33.333333,36.764706,60,32.142857
100,0.434545,0.883748,0.559698,0.912805,1.28801,0.633323,0.613163,76.923077,378,60,60,50,60,24.528302,100,65,66.666667,62.5,65,62.5,15.555556,39.370079,33.333333,36.764706,60,32.142857
100,0.232908,0.530349,0.848356,0.304507,3.64246,1.599618,2.785996,76.923077,379,60,60,50,60,26.415094,100,65,66.666667,62.5,65,62.5,15.555556,39.370079,33.333333,36.764706,60,32.142857
-100,0.584442,0.316296,0.448559,0.174792,1.847769,1.302933,3.343645,46.153846,340,53.333333,53.333333,16.666667,53.333333,24.528302,50,30,25,25,35,25,13.333333,39.370079,33.333333,35.294118,60,31.428571
0,0.504016,0.375596,0.591841,0.923148,0.745207,0.634623,0.406864,61.538462,362,56.666667,56.666667,33.333333,56.666667,24.528302,75,55,58.333333,62.5,50,50,14.444444,39.370079,33.333333,36.764706,56,30.714286
100,0.061506,0.199472,0.113797,0.771877,1.850184,0.570489,0.147428,76.923077,378,60,60,50,60,24.528302,100,65,66.666667,62.5,65,62.5,15.555556,39.370079,33.333333,36.764706,60,32.142857
999,0.292861,0.611934,0.308051,0.728262,2.486718,1.190099,2.364093,76.923077,367,60,60,50,60,26.415094,100,90,83.333333,87.5,65,87.5,15.555556,35.433071,30,29.411765,48,30
999,0.348236,0.611748,0.797933,0.398422,1.144114,0.651284,0.499317,76.923077,366,60,60,50,60,24.528302,100,90,83.333333,87.5,65,87.5,15.555556,35.433071,30,29.411765,48,30
-100,0.783712,0.521151,0.159132,0.261895,1.503809,4.924923,2.992471,46.153846,340,53.333333,53.333333,16.666667,53.333333,24.528302,50,30,25,25,35,25,13.333333,39.370079,33.333333,35.294118,60,31.428571
999,0.979386,0.172799,0.095,0.350449,0.357825,2.028078,3.688942,76.923077,367,60,60,50,60,26.415094,100,90,83.333333,87.5,65,87.5,15.555556,35.433071,30,29.411765,48,30
999,0.930217,0.926565,0.819096,0.279174,0.300117,0.3013,0.340832,76.923077,367,60,60,50,60,26.415094,100,90,83.333333,87.5,65,87.5,15.555556,35.433071,30,29.411765,48,30
-100,0.412318,0.671615,0.534001,0.517576,0.613921,0.77213,0.796633,46.153846,341,53.333333,53.333333,16.666667,53.333333,26.415094,50,30,25,25,35,25,13.333333,39.370079,33.333333,35.294118,60,31.428571
100,0.401692,0.762492,0.494004,0.150869,1.229808,0.647881,3.274387,76.923077,379,60,60,50,60,26.415094,100,65,66.666667,62.5,65,62.5,15.555556,39.370079,33.333333,36.764706,60,32.142857
100,0.663474,0.784675,0.253528,0.473927,0.382121,0.323099,0.534951,76.923077,378,60,60,50,60,24.528302,100,65,66.666667,62.5,65,62.5,15.555556,39.370079,33.333333,36.764706,60,32.142857
100,0.862269,0.063908,0.302831,0.591662,0.351202,4.738549,0.51183,76.923077,378,60,60,50,60,24.528302,100,65,66.666667,62.5,65,62.5,15.555556,39.370079,33.333333,36.764706,60,32.142857
0,0.564974,0.993204,0.617416,0.484886,1.757963,1.608647,2.048323,61.538462,363,56.666667,56.666667,33.333333,56.666667,26.415094,75,55,58.333333,62.5,50,50,14.444444,39.370079,33.333333,36.764706,56,30.714286
999,0.66021,0.067036,0.035945,0.049146,0.07444,0.733131,1.367262,76.923077,367,60,60,50,60,26.415094,100,90,83.333333,87.5,65,87.5,15.555556,35.433071,30,29.411765,48,30
100,0.064235,0.993459,0.659036,0.859195,10.259729,0.663375,0.767038,76.923077,378,60,60,50,60,24.528302,100,65,66.666667,62.5,65,62.5,15.555556,39.370079,33.333333,36.764706,60,32.142857
-100,0.575096,0.462855,0.00277,0.503933,1.242498,207.610962,1.141216,46.153846,341,53.333333,53.333333,16.666667,53.333333,26.415094,50,30,25,25,35,25,13.333333,39.370079,33.333333,35.294118,60,31.428571
999,0.002373,0.915146,0.651622,0.70409,296.726257,0.769374,1.08052,76.923077,367,60,60,50,60,26.415094,100,90,83.333333,87.5,65,87.5,15.555556,35.433071,30,29.411765,48,30
0,0.060074,0.713478,0.109253,0.92698,11.876734,6.530523,0.76968,61.538462,363,56.666667,56.666667,33.333333,56.666667,26.415094,75,55,58.333333,62.5,50,50,14.444444,39.370079,33.333333,36.764706,56,30.714286
0,0.189977,0.671842,0.914101,0.467637,3.536439,0.734975,1.436674,61.538462,362,56.666667,56.666667,33.333333,56.666667,24.528302,75,55,58.333333,62.5,50,50,14.444444,39.370079,33.333333,36.764706,56,30.714286
0,0.401231,0.098594,0.101053,0.928112,0.245729,0.97567,0.106231,61.538462,363,56.666667,56.666667,33.333333,56.666667,26.415094,75,55,58.333333,62.5,50,50,14.444444,39.370079,33.333333,36.764706,56,30.714286
0,0.608178,0.895895,0.721815,0.14624,1.473081,1.24117,6.126192,61.538462,362,56.666667,56.666667,33.333333,56.666667,24.528302,75,55,58.333333,62.5,50,50,14.444444,39.370079,33.333333,36.764706,56,30.714286
-100,0.154094,0.949807,0.337971,0.574599,0.162237,0.455939,0.268177,46.153846,340,53.333333,53.333333,16.666667,53.333333,24.528302,50,30,25,25,35,25,13.333333,39.370079,33.333333,35.294118,60,31.428571
100,0.193625,0.317965,0.165626,0.352198,0.855398,0.520894,0.470265,76.923077,379,60,60,50,60,26.415094,100,65,66.666667,62.5,65,62.5,15.555556,39.370079,33.333333,36.764706,60,32.142857
999,0.770729,0.887433,0.477135,0.685137,0.888948,0.772045,1.435941,76.923077,366,60,60,50,60,24.528302,100,90,83.333333,87.5,65,87.5,15.555556,35.433071,30,29.411765,48,30
0,0.706753,0.585004,0.807387,0.462792,0.827734,0.724564,1.264074,61.538462,363,56.666667,56.666667,33.333333,56.666667,26.415094,75,55,58.333333,62.5,50,50,14.444444,39.370079,33.333333,36.764706,56,30.714286
999,0.865598,0.05925,0.097586,0.487521,0.563219,8.22817,4.99582,76.923077,366,60,60,50,60,24.528302,100,90,83.333333,87.5,65,87.5,15.555556,35.433071,30,29.411765,48,30
100,0.688735,0.658172,0.52975,0.650724,0.769164,0.804881,0.814094,76.923077,379,60,60,50,60,26.415094,100,65,66.666667,62.5,65,62.5,15.555556,39.370079,33.333333,36.764706,60,32.142857
999,0.613651,0.715738,0.883507,0.764106,1.24518,1.067578,0.864856,76.923077,367,60,60,50,60,26.415094,100,90,83.333333,87.5,65,87.5,15.555556,35.433071,30,29.411765,48,30
-100,0.523479,0.262481,0.083735,0.383091,1.994349,6.251604,1.366459,46.153846,340,53.333333,53.333333,16.666667,53.333333,24.528302,50,30,25,25,35,25,13.333333,39.370079,33.333333,35.294118,60,31.428571
100,0.559597,0.310866,0.649757,0.907397,1.161115,2.090153,0.716067,76.923077,378,60,60,50,60,24.528302,100,65,66.666667,62.5,65,62.5,15.555556,39.370079,33.333333,36.764706,60,32.142857
-100,0.95583,0.643091,0.023211,0.412675,1.486304,41.180866,2.316183,46.153846,341,53.333333,53.333333,16.666667,53.333333,26.415094,50,30,25,25,35,25,13.333333,39.370079,33.333333,35.294118,60,31.428571
100,0.955529,0.713343,0.486498,0.307775,0.50914,0.681997,1.580693,76.923077,379,60,60,50,60,26.415094,100,65,66.666667,62.5,65,62.5,15.555556,39.370079,33.333333,36.764706,60,32.142857
999,0.765552,0.342043,0.686897,0.489691,0.639658,1.431666,0.712904,76.923077,367,60,60,50,60,26.415094,100,90,83.333333,87.5,65,87.5,15.555556,35.433071,30,29.411765,48,30
-100,0.832745,0.416315,0.548726,0.177744,2.000278,1.517596,4.685071,46.153846,341,53.333333,53.333333,16.666667,53.333333,26.415094,50,30,25,25,35,25,13.333333,39.370079,33.333333,35.294118,60,31.428571
100,0.027996,0.729926,0.244857,0.146182,8.746216,0.335454,1.675011,76.923077,379,60,60,50,60,26.415094,100,65,66.666667,62.5,65,62.5,15.555556,39.370079,33.333333,36.764706,60,32.142857
100,0.407036,0.259335,0.875155,0.156507,2.150066,3.374605,5.591784,76.923077,378,60,60,50,60,24.528302,100,65,66.666667,62.5,65,62.5,15.555556,39.370079,33.333333,36.764706,60,32.142857
999,0.694692,0.451964,0.112321,0.969607,1.395736,2.145317,8.632482,76.923077,367,60,60,50,60,26.415094,100,90,83.333333,87.5,65,87.5,15.555556,35.433071,30,29.411765,48,30
-100,0.282947,0.453361,0.089892,0.602801,0.624109,3.147624,0.469386,46.153846,341,53.333333,53.333333,16.666667,53.333333,26.415094,50,30,25,25,35,25,13.333333,39.370079,33.333333,35.294118,60,31.428571
-100,0.631035,0.547652,0.871699,0.217582,1.152256,0.723914,2.900214,46.153846,341,53.333333,53.333333,16.666667,53.333333,26.415094,50,30,25,25,35,25,13.333333,39.370079,33.333333,35.294118,60,31.428571
100,0.15931,0.326389,0.336712,0.909447,2.113569,1.031629,0.370238,76.923077,379,60,60,50,60,26.415094,100,65,66.666667,62.5,65,62.5,15.555556,39.370079,33.333333,36.764706,60,32.142857
-100,0.356578,0.972525,0.644174,0.026979,0.366652,0.553543,13.216977,46.153846,341,53.333333,53.333333,16.666667,53.333333,26.415094,50,30,25,25,35,25,13.333333,39.370079,33.333333,35.294118,60,31.428571
999,0.752538,0.905203,0.902165,0.316729,0.420882,0.349899,0.351077,76.923077,367,60,60,50,60,26.415094,100,90,83.333333,87.5,65,87.5,15.555556,35.433071,30,29.411765,48,30
100,0.90234,0.888056,0.396572,0.328088,0.439494,0.446562,1.208739,76.923077,379,60,60,50,60,26.415094,100,65,66.666667,62.5,65,62.5,15.555556,39.370079,33.333333,36.764706,60,32.142857
-100,0.749252,0.200362,0.967652,0.697464,3.739502,0.774299,1.074252,46.153846,341,53.333333,53.333333,16.666667,53.333333,26.415094,50,30,25,25,35,25,13.333333,39.370079,33.333333,35.294118,60,31.428571
999,0.240154,0.132311,0.012201,0.351715,1.464537,2.658252,28.827818,76.923077,367,60,60,50,60,26.415094,100,90,83.333333,87.5,65,87.5,15.555556,35.433071,30,29.411765,48,30
-100,0.635491,0.154858,0.081098,0.867938,4.103687,7.836091,0.732184,46.153846,341,53.333333,53.333333,16.666667,53.333333,26.415094,50,30,25,25,35,25,13.333333,39.370079,33.333333,35.294118,60,31.428571
100,0.37367,0.547396,0.256102,0.527709,0.685371,0.467855,0.48531,76.923077,378,60,60,50,60,24.528302,100,65,66.666667,62.5,65,62.5,15.555556,39.370079,33.333333,36.764706,60,32.142857
-100,0.748134,0.254451,0.828844,0.69897,2.940188,0.902623,1.070338,46.153846,341,53.333333,53.333333,16.666667,53.333333,26.415094,50,30,25,25,35,25,13.333333,39.370079,33.333333,35.294118,60,31.428571
0,0.151306,0.66312,0.836947,0.155947,4.38265,0.792308,4.252203,61.538462,363,56.666667,56.666667,33.333333,56.666667,26.415094,75,55,58.333333,62.5,50,50,14.444444,39.370079,33.333333,36.764706,56,30.714286
-100,0.395694,0.79831,0.964056,0.897729,0.495665,0.410447,0.440772,46.153846,340,53.333333,53.333333,16.666667,53.333333,24.528302,50,30,25,25,35,25,13.333333,39.370079,33.333333,35.294118,60,31.428571
-100,0.397643,0.639734,0.489505,0.560783,0.621576,0.812337,0.709085,46.153846,341,53.333333,53.333333,16.666667,53.333333,26.415094,50,30,25,25,35,25,13.333333,39.370079,33.333333,35.294118,60,31.428571
999,0.21652,0.677957,0.952497,0.501826,2.31769,0.740204,0.526854,76.923077,367,60,60,50,60,26.415094,100,90,83.333333,87.5,65,87.5,15.555556,35.433071,30,29.411765,48,30
0,0.467985,0.559602,0.685599,0.957137,1.195768,0.816223,0.584662,61.538462,362,56.666667,56.666667,33.333333,56.666667,24.528302,75,55,58.333333,62.5,50,50,14.444444,39.370079,33.333333,36.764706,56,30.714286
999,0.536275,0.775062,0.713599,0.202186,0.377019,0.260864,0.283332,76.923077,367,60,60,50,60,26.415094,100,90,83.333333,87.5,65,87.5,15.555556,35.433071,30,29.411765,48,30
100,0.150947,0.732496,0.630511,0.964175,4.17704,0.860769,0.653938,76.923077,378,60,60,50,60,24.528302,100,65,66.666667,62.5,65,62.5,15.555556,39.370079,33.333333,36.764706,60,32.142857
-100,0.399459,0.698849,0.582673,0.474417,0.571596,0.685563,0.842,46.153846,340,53.333333,53.333333,16.666667,53.333333,24.528302,50,30,25,25,35,25,13.333333,39.370079,33.333333,35.294118,60,31.428571
100,0.013066,0.381647,0.834889,0.644859,63.895847,2.187597,1.294685,76.923077,378,60,60,50,60,24.528302,100,65,66.666667,62.5,65,62.5,15.555556,39.370079,33.333333,36.764706,60,32.142857
-100,0.486252,0.821842,0.193802,0.628702,0.591662,2.509017,0.773422,46.153846,340,53.333333,53.333333,16.666667,53.333333,24.528302,50,30,25,25,35,25,13.333333,39.370079,33.333333,35.294118,60,31.428571
100,0.142987,0.808379,0.532151,0.550938,3.721672,0.658294,0.9659,76.923077,378,60,60,50,60,24.528302,100,65,66.666667,62.5,65,62.5,15.555556,39.370079,33.333333,36.764706,60,32.142857
999,0.442933,0.489006,0.862633,0.918386,2.073419,1.878065,1.064631,76.923077,366,60,60,50,60,24.528302,100,90,83.333333,87.5,65,87.5,15.555556,35.433071,30,29.411765,48,30
100,0.308217,0.375186,0.125723,0.511247,0.407905,0.335096,0.245915,76.923077,378,60,60,50,60,24.528302,100,65,66.666667,62.5,65,62.5,15.555556,39.370079,33.333333,36.764706,60,32.142857
0,0.529103,0.70187,0.284668,0.299144,1.326528,2.465572,2.346259,61.538462,363,56.666667,56.666667,33.333333,56.666667,26.415094,75,55,58.333333,62.5,50,50,14.444444,39.370079,33.333333,36.764706,56,30.714286
100,0.959376,0.801853,0.231251,0.388481,0.241043,0.288396,0.59527,76.923077,379,60,60,50,60,26.415094,100,65,66.666667,62.5,65,62.5,15.555556,39.370079,33.333333,36.764706,60,32.142857
-100,0.775744,0.372978,0.441486,0.760173,2.079865,1.757122,1.020485,46.153846,341,53.333333,53.333333,16.666667,53.333333,26.415094,50,30,25,25,35,25,13.333333,39.370079,33.333333,35.294118,60,31.428571
100,0.029102,0.354588,0.942571,0.706195,32.388317,2.658213,1.334719,76.923077,379,60,60,50,60,26.415094,100,65,66.666667,62.5,65,62.5,15.555556,39.370079,33.333333,36.764706,60,32.142857
100,0.818199,0.126228,0.62883,0.593467,0.768554,4.981685,1.059588,76.923077,379,60,60,50,60,26.415094,100,65,66.666667,62.5,65,62.5,15.555556,39.370079,33.333333,36.764706,60,32.142857
-100,0.757896,0.793478,0.007762,0.526244,0.955157,97.640961,1.4402,46.153846,341,53.333333,53.333333,16.666667,53.333333,26.415094,50,30,25,25,35,25,13.333333,39.370079,33.333333,35.294118,60,31.428571
999,0.429871,0.664472,0.395851,0.118833,0.276439,0.178838,0.300197,76.923077,366,60,60,50,60,24.528302,100,90,83.333333,87.5,65,87.5,15.555556,35.433071,30,29.411765,48,30
0,0.161495,0.740075,0.995084,0.325998,4.582644,0.743731,2.27018,61.538462,362,56.666667,56.666667,33.333333,56.666667,24.528302,75,55,58.333333,62.5,50,50,14.444444,39.370079,33.333333,36.764706,56,30.714286
-100,0.007806,0.824016,0.778194,0.302231,0.009473,0.010031,0.025829,46.153846,341,53.333333,53.333333,16.666667,53.333333,26.415094,50,30,25,25,35,25,13.333333,39.370079,33.333333,35.294118,60,31.428571
100,0.811238,0.81667,0.134221,0.325052,0.165452,0.164351,0.412921,76.923077,378,60,60,50,60,24.528302,100,65,66.666667,62.5,65,62.5,15.555556,39.370079,33.333333,36.764706,60,32.142857
0,0.321511,0.877528,0.301753,0.655739,2.729384,2.908095,1.338227,61.538462,363,56.666667,56.666667,33.333333,56.666667,26.415094,75,55,58.333333,62.5,50,50,14.444444,39.370079,33.333333,36.764706,56,30.714286
100,0.680295,0.458576,0.920669,0.399741,1.353338,2.007671,2.303165,76.923077,378,60,60,50,60,24.528302,100,65,66.666667,62.5,65,62.5,15.555556,39.370079,33.333333,36.764706,60,32.142857
0,0.81003,0.704646,0.393021,0.856285,0.869901,1.792896,0.82291,61.538462,363,56.666667,56.666667,33.333333,56.666667,26.415094,75,55,58.333333,62.5,50,50,14.444444,39.370079,33.333333,36.764706,56,30.714286
999,0.027637,0.487114,0.838001,0.744158,26.925856,1.527689,0.888016,76.923077,367,60,60,50,60,26.415094,100,90,83.333333,87.5,65,87.5,15.555556,35.433071,30,29.411765,48,30
100,0.902475,0.318724,0.888065,0.448946,0.984033,2.786318,1.978111,76.923077,379,60,60,50,60,26.415094,100,65,66.666667,62.5,65,62.5,15.555556,39.370079,33.333333,36.764706,60,32.142857
0,0.31251,0.762985,0.856002,0.280546,2.441471,0.891336,2.719645,61.538462,362,56.666667,56.666667,33.333333,56.666667,24.528302,75,55,58.333333,62.5,50,50,14.444444,39.370079,33.333333,36.764706,56,30.714286
999,0.676583,0.677777,0.095893,0.378778,0.55984,0.558854,3.949994,76.923077,366,60,60,50,60,24.528302,100,90,83.333333,87.5,65,87.5,15.555556,35.433071,30,29.411765,48,30
100,0.78006,0.000645,0.916338,0.242337,1.174703,1420.325439,3.78126,76.923077,379,60,60,50,60,26.415094,100,65,66.666667,62.5,65,62.5,15.555556,39.370079,33.333333,36.764706,60,32.142857
100,0.876194,0.5908,0.263519,0.414462,0.300754,0.446038,0.63581,76.923077,378,60,60,50,60,24.528302,100,65,66.666667,62.5,65,62.5,15.555556,39.370079,33.333333,36.764706,60,32.142857
0,0.291648,0.372863,0.54794,0.606117,1.278471,0.680482,0.615166,61.538462,362,56.666667,56.666667,33.333333,56.666667,24.528302,75,55,58.333333,62.5,50,50,14.444444,39.370079,33.333333,36.764706,56,30.714286
999,0.435485,0.836446,0.011165,0.850719,1.953496,1.017064,76.193787,76.923077,367,60,60,50,60,26.415094,100,90,83.333333,87.5,65,87.5,15.555556,35.433071,30,29.411765,48,30
0,0.440602,0.556689,0.991357,0.316128,1.263474,0.561542,1.760963,61.538462,363,56.666667,56.666667,33.333333,56.666667,26.415094,75,55,58.333333,62.5,50,50,14.444444,39.370079,33.333333,36.764706,56,30.714286
999,0.992896,0.984434,0.346888,0.628343,0.632839,0.638279,1.811372,76.923077,367,60,60,50,60,26.415094,100,90,83.333333,87.5,65,87.5,15.555556,35.433071,30,29.411765,48,30
999,0.442071,0.318619,0.519603,0.686723,1.553424,2.155312,1.32163,76.923077,366,60,60,50,60,24.528302,100,90,83.333333,87.5,65,87.5,15.555556,35.433071,30,29.411765,48,30
999,0.964967,0.032645,0.533185,0.825452,0.85542,25.286097,1.548155,76.923077,366,60,60,50,60,24.528302,100,90,83.333333,87.5,65,87.5,15.555556,35.433071,30,29.411765,48,30
100,0.70865,0.280555,0.346419,0.029222,0.488844,1.234764,11.854589,76.923077,379,60,60,50,60,26.415094,100,65,66.666667,62.5,65,62.5,15.555556,39.370079,33.333333,36.764706,60,32.142857
0,0.430523,0.254583,0.89473,0.51256,0.591334,0.284536,0.49669,61.538462,363,56.666667,56.666667,33.333333,56.666667,26.415094,75,55,58.333333,62.5,50,50,14.444444,39.370079,33.333333,36.764706,56,30.714286
999,0.025641,0.291573,0.832136,0.520377,20.294731,1.784724,0.625351,76.923077,367,60,60,50,60,26.415094,100,90,83.333333,87.5,65,87.5,15.555556,35.433071,30,29.411765,48,30
0,0.728155,0.009291,0.157394,0.702092,0.01276,0.05903,0.013233,61.538462,363,56.666667,56.666667,33.333333,56.666667,26.415094,75,55,58.333333,62.5,50,50,14.444444,39.370079,33.333333,36.764706,56,30.714286
-100,0.726288,0.920691,0.986144,0.271689,0.78885,0.736493,2.673236,46.153846,341,53.333333,53.333333,16.666667,53.333333,26.415094,50,30,25,25,35,25,13.333333,39.370079,33.333333,35.294118,60,31.428571
999,0.63385,0.617019,0.600184,0.129096,0.20367,0.209226,0.215095,76.923077,366,60,60,50,60,24.528302,100,90,83.333333,87.5,65,87.5,15.555556,35.433071,30,29.411765,48,30
100,0.252205,0.04111,0.866547,0.841525,3.435878,21.078861,1.029733,76.923077,379,60,60,50,60,26.415094,100,65,66.666667,62.5,65,62.5,15.555556,39.370079,33.333333,36.764706,60,32.142857
100,0.536504,0.396007,0.687287,0.659141,1.281047,1.735545,1.042701,76.923077,378,60,60,50,60,24.528302,100,65,66.666667,62.5,65,62.5,15.555556,39.370079,33.333333,36.764706,60,32.142857
0,0.841091,0.741546,0.880562,0.065365,0.881648,0.842128,11.344728,61.538462,363,56.666667,56.666667,33.333333,56.666667,26.415094,75,55,58.333333,62.5,50,50,14.444444,39.370079,33.333333,36.764706,56,30.714286
999,0.113082,0.764455,0.116414,0.383714,3.39324,0.501945,3.29613,76.923077,366,60,60,50,60,24.528302,100,90,83.333333,87.5,65,87.5,15.555556,35.433071,30,29.411765,48,30
999,0.627332,0.05434,0.064949,0.654348,1.043066,12.041652,10.07478,76.923077,367,60,60,50,60,26.415094,100,90,83.333333,87.5,65,87.5,15.555556,35.433071,30,29.411765,48,30
100,0.828639,0.007316,0.991104,0.960246,1.196063,135.469833,1.032136,76.923077,378,60,60,50,60,24.528302,100,65,66.666667,62.5,65,62.5,15.555556,39.370079,33.333333,36.764706,60,32.142857
0,0.187613,0.799942,0.599347,0.415757,4.263789,1.334689,1.924061,61.538462,362,56.666667,56.666667,33.333333,56.666667,24.528302,75,55,58.333333,62.5,50,50,14.444444,39.370079,33.333333,36.764706,56,30.714286
-100,0.192506,0.32585,0.401836,0.539243,0.590783,0.479068,0.356994,46.153846,341,53.333333,53.333333,16.666667,53.333333,26.415094,50,30,25,25,35,25,13.333333,39.370079,33.333333,35.294118,60,31.428571
999,0.695978,0.246445,0.702934,0.99074,1.423521,4.020127,1.409436,76.923077,367,60,60,50,60,26.415094,100,90,83.333333,87.5,65,87.5,15.555556,35.433071,30,29.411765,48,30
-100,0.758971,0.585164,0.405637,0.186671,1.297022,1.871062,4.065827,46.153846,341,53.333333,53.333333,16.666667,53.333333,26.415094,50,30,25,25,35,25,13.333333,39.370079,33.333333,35.294118,60,31.428571
-100,0.727912,0.95071,0.834276,0.2268,0.765651,0.872507,3.209492,46.153846,340,53.333333,53.333333,16.666667,53.333333,24.528302,50,30,25,25,35,25,13.333333,39.370079,33.333333,35.294118,60,31.428571
999,0.613086,0.318381,0.082606,0.595475,0.971274,1.870319,7.208615,76.923077,367,60,60,50,60,26.415094,100,90,83.333333,87.5,65,87.5,15.555556,35.433071,30,29.411765,48,30
-100,0.182129,0.353413,0.680755,0.545308,0.515342,0.267539,0.333993,46.153846,340,53.333333,53.333333,16.666667,53.333333,24.528302,50,30,25,25,35,25,13.333333,39.370079,33.333333,35.294118,60,31.428571
-100,0.751973,0.507846,0.101263,0.148098,1.480712,7.425907,5.077547,46.153846,341,53.333333,53.333333,16.666667,53.333333,26.415094,50,30,25,25,35,25,13.333333,39.370079,33.333333,35.294118,60,31.428571
0,0.591816,0.799175,0.514962,0.25182,1.350378,1.551909,3.173598,61.538462,362,56.666667,56.666667,33.333333,56.666667,24.528302,75,55,58.333333,62.5,50,50,14.444444,39.370079,33.333333,36.764706,56,30.714286
-100,0.102816,0.457416,0.654555,0.487448,0.224776,0.157078,0.210928,46.153846,341,53.333333,53.333333,16.666667,53.333333,26.415094,50,30,25,25,35,25,13.333333,39.370079,33.333333,35.294118,60,31.428571
0,0.779714,0.324993,0.093607,0.401025,0.416811,3.47191,0.810408,61.538462,362,56.666667,56.666667,33.333333,56.666667,24.528302,75,55,58.333333,62.5,50,50,14.444444,39.370079,33.333333,36.764706,56,30.714286
999,0.797697,0.192131,0.0149,0.421135,0.527938,2.191909,28.263674,76.923077,366,60,60,50,60,24.528302,100,90,83.333333,87.5,65,87.5,15.555556,35.433071,30,29.411765,48,30
999,0.537126,0.481865,0.736058,0.789504,1.469868,1.638433,1.072611,76.923077,367,60,60,50,60,26.415094,100,90,83.333333,87.5,65,87.5,15.555556,35.433071,30,29.411765,48,30
0,0.954732,0.448946,0.347445,0.645068,0.470232,1.292136,0.695966,61.538462,363,56.666667,56.666667,33.333333,56.666667,26.415094,75,55,58.333333,62.5,50,50,14.444444,39.370079,33.333333,36.764706,56,30.714286
0,0.108938,0.075799,0.03056,0.878035,0.695798,2.480365,0.086328,61.538462,363,56.666667,56.666667,33.333333,56.666667,26.415094,75,55,58.333333,62.5,50,50,14.444444,39.370079,33.333333,36.764706,56,30.714286
-100,0.060585,0.028209,0.101043,0.453342,2.147695,0.599597,0.133641,46.153846,340,53.333333,53.333333,16.666667,53.333333,24.528302,50,30,25,25,35,25,13.333333,39.370079,33.333333,35.294118,60,31.428571
999,0.792705,0.697695,0.993442,0.217957,0.274953,0.312395,0.219396,76.923077,367,60,60,50,60,26.415094,100,90,83.333333,87.5,65,87.5,15.555556,35.433071,30,29.411765,48,30
-100,0.682351,0.200467,0.516361,0.294281,3.403814,1.321461,2.318707,46.153846,340,53.333333,53.333333,16.666667,53.333333,24.528302,50,30,25,25,35,25,13.333333,39.370079,33.333333,35.294118,60,31.428571
100,0.253192,0.145187,0.400298,0.398729,1.581003,2.757119,1.003934,76.923077,379,60,60,50,60,26.415094,100,65,66.666667,62.5,65,62.5,15.555556,39.370079,33.333333,36.764706,60,32.142857
100,0.085603,0.972834,0.510277,0.612112,5.960971,0.524526,0.833633,76.923077,378,60,60,50,60,24.528302,100,65,66.666667,62.5,65,62.5,15.555556,39.370079,33.333333,36.764706,60,32.142857
100,0.888986,0.760276,0.928545,0.761329,1.044499,1.221326,1.219637,76.923077,379,60,60,50,60,26.415094,100,65,66.666667,62.5,65,62.5,15.555556,39.370079,33.333333,36.764706,60,32.142857
999,0.018942,0.130497,0.295247,0.794401,41.938492,6.087491,2.69063,76.923077,366,60,60,50,60,24.528302,100,90,83.333333,87.5,65,87.5,15.555556,35.433071,30,29.411765,48,30
100,0.45147,0.460962,0.955732,0.788883,2.116935,2.073344,1.2115,76.923077,379,60,60,50,60,26.415094,100,65,66.666667,62.5,65,62.5,15.555556,39.370079,33.333333,36.764706,60,32.142857
-100,0.209256,0.185802,0.672097,0.695242,1.126231,0.311347,0.300983,46.153846,340,53.333333,53.333333,16.666667,53.333333,24.528302,50,30,25,25,35,25,13.333333,39.370079,33.333333,35.294118,60,31.428571
999,0.413931,0.849108,0.914609,0.371436,0.897338,0.437443,0.406114,76.923077,367,60,60,50,60,26.415094,100,90,83.333333,87.5,65,87.5,15.555556,35.433071,30,29.411765,48,30
999,0.423121,0.942635,0.754451,0.213319,0.504156,0.226301,0.282748,76.923077,366,60,60,50,60,24.528302,100,90,83.333333,87.5,65,87.5,15.555556,35.433071,30,29.411765,48,30
-100,0.615833,0.182013,0.608608,0.561488,3.383451,1.01187,1.096786,46.153846,341,53.333333,53.333333,16.666667,53.333333,26.415094,50,30,25,25,35,25,13.333333,39.370079,33.333333,35.294118,60,31.428571
-100,0.031375,0.695044,0.723484,0.952049,0.045142,0.043367,0.032956,46.153846,341,53.333333,53.333333,16.666667,53.333333,26.415094,50,30,25,25,35,25,13.333333,39.370079,33.333333,35.294118,60,31.428571
-100,0.437641,0.895662,0.107965,0.734734,0.488623,4.053527,0.595645,46.153846,341,53.333333,53.333333,16.666667,53.333333,26.415094,50,30,25,25,35,25,13.333333,39.370079,33.333333,35.294118,60,31.428571
999,0.859403,0.553705,0.161266,0.928056,1.079884,1.676083,5.754823,76.923077,367,60,60,50,60,26.415094,100,90,83.333333,87.5,65,87.5,15.555556,35.433071,30,29.411765,48,30
100,0.032855,0.512053,0.895953,0.450445,27.270182,1.749726,1.98904,76.923077,379,60,60,50,60,26.415094,100,65,66.666667,62.5,65,62.5,15.555556,39.370079,33.333333,36.764706,60,32.142857
-100,0.707627,0.282916,0.772739,0.921968,2.501195,0.915739,0.767519,46.153846,340,53.333333,53.333333,16.666667,53.333333,24.528302,50,30,25,25,35,25,13.333333,39.370079,33.333333,35.294118,60,31.428571
0,0.89517,0.838843,0.626012,0.375981,0.937077,1.339978,2.23108,61.538462,363,56.666667,56.666667,33.333333,56.666667,26.415094,75,55,58.333333,62.5,50,50,14.444444,39.370079,33.333333,36.764706,56,30.714286