0.7220096548596434,0.19497605734770518     ,0
0.6671595726539502,0.7784408674101491      ,0
0.6186076060240648,0.62309699131219        ,0
0.23675163488485773,0.48722715836911057    ,0
0.6804221244148292,0.524545450315388       ,0
0.49699034416118526,0.9909861609988635     ,0
0.8921398533575954,0.3477874444278789      ,0
0.4694732280478692,0.5693896502757985      ,0
0.6446930199027758,0.7851977178885842      ,0
0.15137973307778096,0.12135203530207805    ,0
0.41324284503792297,0.28672630466619475    ,0
0.6246190087763299,0.7314622835577995      ,0
0.48603697468545926,0.15212608417031703    ,0
0.029587621794166963,0.4213153656782799    ,0
0.4499815467962863,0.2681778072406755      ,0
0.45752216339077545,0.9573554797963816     ,0
0.28037080153172733,0.9255136559693374     ,0
0.9726597458279264,0.5956327265413587      ,0
0.30506822109184917,0.04905408396973221    ,0
0.9138944972488922,0.6839140705711093      ,0
0.017535243668161615,0.6067368124029058    ,0
0.3453454565340577,0.11287810361541528     ,0
0.6984545014069605,0.9231314165047988      ,0
0.026227982721343968,0.710662539318929     ,0
0.07229672895659922,0.11769591587162198    ,0
0.5526467788490325,0.8088222401944908      ,0
0.7730316525565932,0.9118471728648152      ,0
0.38740555644922336,0.37279478089831464    ,0
0.2222849537375804,0.6046798196117448      ,0
0.33865511680517113,0.2862594937722398     ,0
0.6335947485563261,0.10408331574926011     ,0
0.6741776322409991,0.6063149201878183      ,0
0.24802281205769583,0.5181702931278614     ,0
0.46533190367250266,0.8651890070038557     ,0
0.5792272930800662,0.9613433732050429      ,0
0.9431608741979357,0.7842350642214035      ,0
0.40020490660203156,0.9099926246445108     ,0
0.6188891247815371,0.0872558234961156      ,0
0.43926273675819316,0.6547282609305737     ,0
0.672014780004444,0.4527366707509378       ,0
0.2693808366747188,0.1392187379464589      ,0
0.641426449468372,0.028358759838431724     ,0
0.6729786042340403,0.7501179734521863      ,0
0.7684531330623985,0.3462012363748669      ,0
0.8431994473947239,0.4282288368770695      ,0
0.4354806990298842,0.9233308953387739      ,0
0.1431798863950684,0.8079651667555889      ,0
0.019745851054139507,0.31001720319028614   ,0
0.7863704515167225,0.9603381011289841      ,0
0.1391444094821721,0.8565990065896139      ,0
0.7238279694901909,0.7141064053605547      ,0
0.7053680437440356,0.010068705151044188    ,0
0.22849954098896774,0.46039470736687627    ,0
0.4194092979663856,0.5227285310340727      ,0
0.15187100404096887,0.8079981469533905     ,0
0.3454521577806131,0.5578128966269013      ,0
0.594953287899287,0.4497549170055287       ,0
0.9813911904294307,0.31075960434645866     ,0
0.7834324099412262,0.12478312580669104     ,0
0.8076996264283555,0.4298517600178611      ,0
0.26591009348214933,0.6170422869939634     ,0
0.6410924801940098,0.21624138909672874     ,0
0.1645133535975778,0.31759344069111006     ,0
0.24540828197079068,0.31090494865418183    ,0
0.09875343268387382,0.9960965288620351     ,0
0.5593585483856134,0.3348697999288054      ,0
0.5763656774385868,0.07649698453471765     ,0
0.5892717177459706,0.7390895543856059      ,0
0.09896354120021056,0.8925186476971252     ,0
0.48468405936873027,0.9416360140856354     ,0
0.9656916168339402,0.11049282863067855     ,0
0.5656068054018967,0.6824134976513442      ,0
0.7746640681548493,0.7502185792113398      ,0
0.10252585273253823,0.4093912673916945     ,0
0.9198263004636213,0.008962563727269446    ,0
0.46366581510331595,0.42538831767564733    ,0
0.9599795805627641,0.39937141267446663     ,0
0.8387782928242752,0.4707341994881542      ,0
0.5970594064313732,0.5489831139434235      ,0
0.12468914311176604,0.39466800842643335    ,0
0.14236046509869127,0.37718860413761146    ,0
0.7150674918967493,0.5771276565911464      ,0
0.7722523054385549,0.26490789918394875     ,0
0.8753550423162296,0.802619849345159       ,0
0.5790313442826494,0.26291046888844016     ,0
0.10352066274896154,0.3591503587515755     ,0
0.4079068025423671,0.3466220780644462      ,0
0.37828269541240267,0.23773379452901844    ,0
0.7377191875243465,0.21842590307753607     ,0
0.47866672635365237,0.441790243029365      ,0
0.4108418460674502,0.18287848624975422     ,0
0.6222444824155544,0.5807762576149458      ,0
0.8468176290191571,0.17592606304104985     ,0
0.514124646417586,0.11868553776109858      ,0
0.4846342779419278,0.11612044180019931     ,0
0.5247443111962053,0.8755949976075378      ,0
0.5901434419695147,0.3639977361923151      ,0
0.12173547480735258,0.6392197907380784     ,0
0.2379802100937385,0.22519741403129023     ,0
0.8696176615579241,0.03348095035095411     ,0
0.23144150976104894,0.11356305005122336    ,0
0.2807947213475309,0.11237728645336886     ,0
0.9591327957045217,0.20238027137352066     ,0
0.5523099656773123,0.4999936140293614      ,0
0.7037948172620185,0.13507164816479844     ,0
0.7550406966478674,0.28126478466220617     ,0
0.7165731364190945,0.6410818737699168      ,0
0.3554894150097312,0.263155870648885       ,0
0.4490951248725358,0.7083513610895777      ,0
0.04505586614940715,0.6722061271730508     ,0
0.6960702209676556,0.30068956863580365     ,0
0.7276505557105183,0.8319248891385352      ,0
0.04273127317522729,0.47652414938975207    ,0
0.17373673738636242,0.8723158164770171     ,0
0.9342862563191412,0.16491582530500404     ,0
0.2873647999281522,0.06384498457249088     ,0
0.8886507733632452,0.7853928476327701      ,0
0.15248907278449497,0.9394579119672805     ,0
0.859083875418738,0.36007303799572143      ,0
0.025834177766210775,0.9707889673925005    ,0
0.5199512811199878,0.759705642798552       ,0
0.22580418096079602,0.19849628030097122    ,0
0.29669088972398205,0.24967899299064222    ,0
0.43040452432580445,0.8816940135949746     ,0
0.29015815301882464,0.5577041811624692     ,0
0.24187317570278766,0.9277427766231545     ,0
0.855879525077864,0.271799171625538        ,0
0.0016944638782343535,0.5911986121132711   ,0
0.49034421373060977,0.4953614994607545     ,0
0.7468946948219095,0.6895092963478571      ,0
0.8493159655955634,0.3355320346036178      ,0
0.8869963185243316,0.3730864042929112      ,0
0.17724805976714675,0.9817162778955254     ,0
0.6507330202133782,0.30867014755587074     ,0
0.16223643629807538,0.8430436752967468     ,0
0.6026052661373237,0.9874435089431306      ,0
0.2475471547082594,0.4567094990293822      ,0
0.5615823222849808,0.7531408699688068      ,0
0.728606386776831,0.6535580248036845       ,0
0.06773288239626618,0.06043557254559506    ,0
0.5434420490912149,0.772929704652953       ,0
0.1372937093168709,0.4201799729108756      ,0
0.5249187160499327,0.5557089293712338      ,0
0.4226615630702374,0.4656104899031773      ,0
0.02470774894215022,0.712673418963088      ,0
0.05102091667353603,0.5824193531394134     ,0
0.24178744443191102,0.06466014138742215    ,0
0.35379577509582105,0.5856334445915535     ,0
0.2923686480846389,0.5817264756496615      ,0
0.4188412791771028,0.9975303641445327      ,0
0.043493033347948185,0.6103998649275731    ,0
0.8982666251574939,0.5833602070459376      ,0
0.999153368580014,0.07127300349319443      ,0
0.7870079035195344,0.9354310519297581      ,0
0.07563563225460201,0.4336156064897454     ,0
0.9507458209733124,0.061155123578874204    ,0
0.9318854997514884,0.8293380539404186      ,0
0.026489542461856197,0.12694135751066904   ,0
0.631052446147396,0.7555560687579436       ,0
0.9451253873356462,0.7373599502282445      ,0
0.8009666770042384,0.43317005156528876     ,0
0.7324542292589952,0.3877922258265073      ,0
0.13415559967485746,0.03828594978829081    ,0
0.43371948778083413,0.018819867873860363   ,0
0.022108117553360507,0.7039696543795921    ,0
0.9763531368054652,0.9218949817175138      ,0
0.3538465199760149,0.401740109785082       ,0
0.5366441700451268,0.5983727952688958      ,0
0.025467166030576638,0.5553708249210496    ,0
0.5082605634782924,0.5577772032355971      ,0
0.5051634005254518,0.5139833925450029      ,0
0.48403188536969255,0.456208403479757      ,0
0.877344557299665,0.8170807512371253       ,0
0.7571268603497009,0.4220914454905159      ,0
0.149817686146541,0.5210820645475345       ,0
0.7237365327568243,0.8940029558312219      ,0
0.24959922512297383,0.7250846794627568     ,0
0.22659980686518,0.8041028143311816        ,0
0.05577605952057141,0.8329935685517588     ,0
0.3171855876674804,0.4807363395975468      ,0
0.02193653537234952,0.019821842624807684   ,0
0.13407137631932442,0.2150618846252932     ,0
0.4260439662099379,0.831880398215396       ,0
0.5960354313407479,0.03909740608578871     ,0
0.05222627323793416,0.8437389869557105     ,0
0.39060574840235684,0.8963691039979417     ,0
0.1568072553806542,0.8192545745294492      ,0
0.3022860453445887,0.051383948099140486    ,0
0.9000067325147451,0.8796274493811009      ,0
0.2694049215538564,0.28043700542904304     ,0
0.03508772737319976,0.7683590446743478     ,0
0.684511671826196,0.11380369219684805      ,0
0.5383311246617798,0.4211502353098504      ,0
0.3604681623762138,0.15815624291036778     ,0
0.036069351571476393,0.6981920147043905    ,0
0.2728631048824205,0.3180821504507657      ,0
0.33911238004207744,0.31696537076626063    ,0
0.6591015032833035,0.5568721684427956      ,0
0.13025089356481978,0.7355806931285703     ,0
0.3054985487947227,0.689284103995892       ,0
0.8671228645122859,0.9798514639027676      ,0
0.8859338460118626,0.5827776292984372      ,0
0.2605816479976173,0.18171055365212807     ,0
0.02909870109852908,0.05875465993249185    ,0
0.2678050465172602,0.9022422491218188      ,0
0.3860951892670682,0.7316287261799956      ,0
0.3997362619706373,0.14951642278356703     ,0
0.3461227056588039,0.0010860205777922793   ,0
0.2840495708030184,0.36957586258075503     ,0
0.20521424593495985,0.42168942726884295    ,0
0.8476848909032035,0.5883416272313426      ,0
0.531461013701327,0.714016629331179        ,0
0.1870967217495153,0.31286537643920165     ,0
0.18989070736288116,0.7528115478261883     ,0
0.17971520071154412,0.7622715142455413     ,0
0.9911414030907174,0.9701684819735925      ,0
0.1567177249859798,0.49189672060241174     ,0
0.21029914446910125,0.745556161702167      ,0
0.5050620037270305,0.49854737866308585     ,0
0.2857446482901076,0.519529245313306       ,0
0.8958321161594357,0.45046052677064496     ,0
0.8525803321740139,0.5642627979550328      ,0
0.9463014221892472,0.772467489791393       ,0
0.891185785819706,0.5715851135598211       ,0
0.5147174243534755,0.9350235243591254      ,0
0.17867654732982075,0.4779726602986384     ,0
0.49966510596728697,0.4451808421070862     ,0
0.4195172664834753,0.236010828271221       ,0
0.9699672425657153,0.7182464626829189      ,0
0.4012669321149003,0.5631120214147088      ,0
0.6864312716843415,0.22078050916920477     ,0
0.27241063208516014,0.05082317223632837    ,0
0.5933542382148046,0.01875434543346277     ,0
0.5714590334855126,0.4018422459149307      ,0
0.6555487082971725,0.13910241098802867     ,0
0.9499723000977347,0.9769039533550786      ,0
0.4957541686348369,0.9585652887394174      ,0
0.6268933184562004,0.2799824226260078      ,0
0.6476498979073432,0.17063590486237978     ,0
0.48755029517317916,0.48779896024180447    ,0
0.8812871043507496,0.7495844966437286      ,0
0.3979161126998615,0.6384111419390938      ,0
0.9806093745040528,0.729952553818905       ,0
0.7431879654420748,0.6336990322747161      ,0
0.5568322305663617,0.5505692704087993      ,0
0.41947791870104634,0.7818534063473317     ,0
0.966804058011323,0.17405902818078478      ,0
0.5083807699812829,0.20850943524362808     ,0
0.17207249671386216,0.18597149332759377    ,0
0.646412985636551,0.09895914285768581      ,0
0.42223126165628344,0.6020807849720148     ,0
0.6647926298846151,0.39891402059534364     ,0
0.9752251641214359,0.16806385762986253     ,0
0.4197565135221507,0.29757937245602206     ,0
0.6776409237667897,0.522682324222513       ,0
0.8595881006781146,0.5443400241526235      ,0
0.11961482712164051,0.7137560292921509     ,0
0.2817555798663832,0.4091465425645239      ,0
0.25183827610518406,0.2056308084412315     ,0
0.422036269918989,0.8867303324834337       ,0
0.8062447862938678,0.6975069353843918      ,0
0.48723038743706526,0.5660648318012419     ,0
0.5973131794714654,0.7839086729591691      ,0
0.49404315180987335,0.4390287673225982     ,0
0.7975232821082793,0.7317395560262635      ,0
0.30894163080880654,0.806017312960473      ,0
0.5783522716274538,0.4227820506623704      ,0
0.5972683113041118,0.35128522367313153     ,0
0.0873007880395158,0.8161643683332058      ,0
0.4846206473524298,0.4070955823580916      ,0
0.5917904190455358,0.12223094429061065     ,0
0.10948239267619031,0.40328666647478983    ,0
0.7623745659437632,0.24741778717237584     ,0
0.40331829189559454,0.5076585700971761     ,0
0.49055750577486845,0.9691473216213375     ,0
0.3728215756056479,0.5026201732666091      ,0
0.3406167647238624,0.7304217277566944      ,0
0.8787289250440489,0.014826415069534082    ,0
0.7201768199606301,0.905707834124375       ,0
0.4065951494608644,0.31707436300709224     ,0
0.12088227252662764,0.8828706721501653     ,0
0.6071457896689348,0.055516126699049706    ,0
0.32837149599228754,0.330326760712252      ,0
0.4473026982176277,0.4202855847433278      ,0
0.32985258114531746,0.5742523572620398     ,0
0.657704038889702,0.4739247309779431       ,0
0.7579349673426649,0.0975959889303687      ,0
0.7885169302366856,0.5795348561154187      ,0
0.10097213364174329,0.7908084887547502     ,0
0.5925673845842492,0.12936655574663858     ,0
0.5830219402278478,0.7336180449938         ,0
0.643288533576477,0.06460190303575664      ,0
0.5706328997709005,0.9678415909926037      ,0
0.06471520345055559,0.9983707625502661     ,0
0.5990159996119011,0.9331382921109501      ,0
0.0017291581204730289,0.10658275991610144  ,0
0.6267639258940876,0.9807742856974514      ,0
0.9909856151660044,0.33494528083359043     ,0
0.9261300373114669,0.6548828821955635      ,0
0.7064290020528715,0.8855767527907773      ,0
0.09498196904184752,0.23636732550516082    ,0
0.6480314218227254,0.39291372119397117     ,0
0.03689597880267026,0.38150842394511664    ,0
0.21836499220336258,0.6761495705781052     ,0
0.39745923910638015,0.5555024888245931     ,0
0.28884475846128577,0.4642310285733783     ,0
0.8676998569243708,0.36056969161677266     ,0
0.7959561028499391,0.029478403290576827    ,0
0.9696647984090135,0.7889367441492986      ,0
0.1275069490002826,0.2371845042631262      ,0
0.42451850791450807,0.8929117472608565     ,0
0.0599216162359526,0.12108536814814852     ,0
0.9701357245787711,0.3574337678718901      ,0
0.7898195589452008,0.7283864418900942      ,0
0.5430142434473844,0.9848925548738727      ,0
0.16659920466651412,0.6430656419894177     ,0
0.0684343401184605,0.15767930570769495     ,0
0.5774732360316348,0.2924643431564212      ,0
0.7131436325476025,0.9308423921757991      ,0
0.06237849587941102,0.8697165432868008     ,0
0.34644756244026076,0.5253862606119688     ,0
0.14341020352636868,0.46335515966711793    ,0
0.12843675449908276,0.6421663992439988     ,0
0.5419066364771893,0.7754735872797051      ,0
0.5981851173314846,0.19699613885830347     ,0
0.4260370047919947,0.6311099363995191      ,0
0.37010298956964927,0.7894964579497744     ,0
0.08272214841492376,0.334060033203293      ,0
0.5632320959377886,0.4613829085258645      ,0
0.9399435203007549,0.8081147890589558      ,0
0.38611989493412713,0.07429851046190883    ,0
0.6789733027576808,0.377756058885543       ,0
0.8790130378087639,0.942965432676515       ,0
0.7707845800318064,0.988634747336766       ,0
0.6754610910554086,0.19634180133586043     ,0
0.14687701512955453,0.6456936570071098     ,0
0.7870228338286644,0.7076350455595224      ,0
0.8719804681090758,0.8555864931725669      ,0
0.8376196388512028,0.3334361887058581      ,0
0.6245749415536971,0.9000839619913943      ,0
0.8781814900161728,0.6329042031569039      ,0
0.5108924712505489,0.8384465185863293      ,0
0.8975830489727671,0.1998436887236006      ,0
0.23904260774186836,0.23928266223507177    ,0
0.4124685601060244,0.23368245603214421     ,0
0.962129834941388,0.7762005757199868       ,0
0.06641618745649525,0.9997706893334475     ,0
0.16270818347770377,0.9866001395912615     ,0
0.9979935651900707,0.38508642830398065     ,0
0.7956442565499805,0.6892410852151463      ,0
0.8476083755368541,0.8423469453737416      ,0
0.5324369065155765,0.7837626241149391      ,0
0.664658841629952,0.6336893578039932       ,0
0.3572682718487302,0.4141184128195392      ,0
0.6493409404309629,0.43449754522499295     ,0
0.953537328054998,0.7679302534741331       ,0
0.6175707257370311,0.03861718671350001     ,0
0.2893536567081153,0.10505244938078229     ,0
0.3128312243106637,0.11811432607300987     ,0
0.5614460622152689,0.9611786305103118      ,0
0.2053557026962679,0.7338968396948816      ,0
0.1891664015914991,0.8561106797915665      ,0
0.2169098074612772,0.5679328162490007      ,0
0.8637468464918729,0.2513500440229841      ,0
0.8885375250872398,0.6534632839320639      ,0
0.7526939112326416,0.9479590493849736      ,0
0.8689866324679264,0.7165209954502172      ,0
0.8351802752443619,0.5931804917765044      ,0
0.24313153359821227,0.11023153708650335    ,0
0.00152141180649068,0.4730917164864925     ,0
0.14256264386759154,0.7227860332595475     ,0
0.9883006762988971,0.30860887196978104     ,0
0.28461274408001047,0.17063991210960294    ,0
0.4404332701292657,0.3434462603917555      ,0
0.5714431740001623,0.05040548303214587     ,0
0.3924359786251328,0.615174489617458       ,0
0.6474133449397301,0.016070523356868982    ,0
0.24339569310835174,0.9343102025085664     ,0
0.3608090561972994,0.9725889351053157      ,0
0.8636073317432523,0.761409385644302       ,0
0.40510668311109743,0.7325537378255083     ,0
0.8155770111669155,0.8684253428770166      ,0
0.025301986615015037,0.06957661385031166   ,0
0.7980641832598094,0.3981311955571101      ,0
0.5664331367323595,0.2201623798939415      ,0
0.32906184250040893,0.6941961348847103     ,0
0.8142803319156224,0.5352808256647296      ,0
0.37209150813296166,0.06454357448708936    ,0
0.5323247367016751,0.1635021871204141      ,0
0.07991536424161327,0.46190833962057487    ,0
0.33440164333464184,0.35947697339215123    ,0
0.08074520153955145,0.9180495303885781     ,0
0.04908458344140032,0.25470470545879265    ,0
0.7642538607315188,0.4518639815185985      ,0
0.029687828469154187,0.7019499623113232    ,0
0.8381718595580444,0.08668490335273327     ,0
0.44287715363143776,0.11032889048072969    ,0
0.020977961237207743,0.5583394055285188    ,0
0.4292297703144127,0.025002452411216458    ,0
0.11216953323448753,0.2730771912610247     ,0
0.17068605733310416,0.5735776402151865     ,0
0.8388246702588115,0.08327204768287189     ,0
0.32268727782997675,0.8007312663819864     ,0
0.8156450469461443,0.4888369373854171      ,0
0.9728951838014935,0.3432355038427568      ,0
0.6753944314033544,0.9435824883294235      ,0
0.27374053916399,0.8594779982562454        ,0
0.9276250105223546,0.04828723033736915     ,0
0.16264974425372591,0.12073382910868324    ,0
0.38580975265065065,0.5460381971105199     ,0
0.1316497292266684,0.6958602885928609      ,0
0.06647594467392193,0.20043797317898693    ,0
0.8371533063532508,0.7167497044507171      ,0
0.30866117950364846,0.833564890757866      ,0
0.4510785627620092,0.29878980368711006     ,0
0.48799026921096544,0.02811092658387504    ,0
0.0460571126107594,0.8087446085284277      ,0
0.1068972556070984,0.25691181592671963     ,0
0.9803384073558838,0.3218834219523077      ,0
0.23099426650453414,0.49312202639883274    ,0
0.20209788922058258,0.29084948822855905    ,0
0.21131453299842273,0.6755775263385244     ,0
0.6282090232010078,0.66067356809919        ,0
0.3831342853841838,0.7564269134387114      ,0
0.2691405790941612,0.4075022150859442      ,0
0.9643040406066616,0.4419019076624232      ,0
0.5694920895715349,0.7530242951157191      ,0
0.689497305377393,0.15213616841500055      ,0
0.5127819299379821,0.11224362710451374     ,0
0.8115101018000216,0.17223114606454348     ,0
0.3994541138189889,0.1691590919264938      ,0
0.9767223872533393,0.44430648040310206     ,0
0.8486714828962759,0.343078649810291       ,0
0.13905830447867262,0.9590615652188544     ,0
0.497314502862673,0.30770665165598143      ,0
0.11525897331472168,0.24541386176924884    ,0
0.07370612357386974,0.155808517256398      ,0
0.604008298446483,0.028068841443968928     ,0
0.00893556434962095,0.2641711520694636     ,0
0.4924284069379553,0.7254152646218986      ,0
0.5152542864740725,0.9067404601520926      ,0
0.05568818630543393,0.09392863351839897    ,0
0.10887012059968337,0.18823300744442883    ,0
0.21894505948851972,0.9903048383684298     ,0
0.8835662503384693,0.9261811277050209      ,0
0.39556627946395195,0.9188349356729636     ,0
0.4519235844672008,0.696286472082948       ,0
0.5415530094286934,0.7590710567820964      ,0
0.3625268910949847,0.37411986447954615     ,0
0.9733168439418693,0.82762260009479        ,0
0.974386172784275,0.15562018137764         ,0
0.18443481820664664,0.21796099141297676    ,0
0.2239066220959337,0.21950829512485348     ,0
0.36673595774053747,0.1833999425608347     ,0
0.45509197985721983,0.906647196906276      ,0
0.5920484595028354,0.18095792249496778     ,0
0.5002675067506109,0.5345422116158199      ,0
0.6431636052719067,0.07759787008478447     ,0
0.49646086235268705,0.7395904999065981     ,0
0.29604873035583135,0.9353786610401054     ,0
0.5016800273649759,0.5453522531132539      ,0
0.45006843608889846,0.7383418986806815     ,0
0.8356795078677585,0.19203035804537116     ,0
0.8789494317115292,0.4014966019089129      ,0
0.2114074729412443,0.1305095444498463      ,0
0.5324514102684321,0.4110530605428774      ,0
0.1461779290931431,0.48371968119659603     ,0
0.2571824904556719,0.4850970827137314      ,0
0.8457136607179414,0.7087523884676658      ,0
0.5247244969191129,0.7151839867892726      ,0
0.7395575397969354,0.15507376879116108     ,0
0.25621022851725117,0.7518710459919932     ,0
0.11295051461897143,0.7073405581931517     ,0
0.11472065561552225,0.7309967387621519     ,0
0.8281273153083919,0.7257406315080862      ,0
0.7003473310823337,0.8025532144279421      ,0
0.9570815953718705,0.05244321702021015     ,0
0.9274915429025992,0.3202881748446744      ,0
0.2582039031565403,0.9396580589016382      ,0
0.4899481905146452,0.9777113502544701      ,0
0.8207980831120543,0.3729667223147256      ,0
0.7265490023087013,0.434969388534424       ,0
0.874332268499464,0.4130037870978239       ,0
0.3886165729032389,0.27109254784324965     ,0
0.713383150771036,0.8592287503930244       ,0
0.7802066384498024,0.4174054145140115      ,0
0.9245830007693985,0.7514450201109272      ,0
0.493093291284158,0.5804328251410289       ,0
0.6184811471090401,0.9678846928137989      ,0
0.4906777497302508,0.5464214776898149      ,0
0.1670825010910314,0.45309345774792165     ,0
0.608478392872164,0.6746365217538154       ,0
0.02692787786727402,0.4145129183982217     ,0
0.6335858829696452,0.33288185527897707     ,0
0.5879322439533697,0.16357221031129265     ,0
0.0014441180441479018,0.5062313893572006   ,0
0.6297981133276389,0.14526487326949922     ,0
0.8055441727025422,0.31874797709303715     ,0
0.890673712672176,0.09960067111171522      ,0
0.2540948180353283,0.748005934388619       ,0
0.4568265884034043,0.22898638235859692     ,0
0.9274599445473876,0.3835214541187031      ,0
0.1674546582309514,0.7075037791551866      ,0
0.19113000713346828,0.682735129667791      ,0
0.9953589737259112,0.8612164152400276      ,0
0.9012203952141008,0.8119789809191077      ,0
0.41205343749966394,0.8730519143794112     ,0
0.10296705670718109,0.8249006451192116     ,0
0.07498859956309145,0.9214695530845654     ,0
0.7674160446135397,0.6271047050985086      ,0
0.7849176690150641,0.24903749272559117     ,0
0.7374794460832339,0.9033121836295088      ,0
0.5530357463109956,0.7752083078340682      ,0
0.9617581377167255,0.9421267038799688      ,0
0.7903729266910823,0.5169946151791251      ,0
0.7830070552571793,0.08353564753044396     ,0
0.08602532064701818,0.261911820957914      ,0
0.517845894414929,0.33556373473368517      ,0
0.7761584174483106,0.6494681435391749      ,0
0.8152947199260286,0.5590349378072121      ,0
0.5223192467982762,0.060646742718945656    ,0
0.31394022461275706,0.5031885052247294     ,0
0.415445415285125,0.4892383111814449       ,0
0.9310151687488456,0.8899332381826851      ,0
0.7010601445224676,0.8745471098810739      ,0
0.7114001122791415,0.6908135917649663      ,0
0.08149491349171079,0.21190708511193745    ,0
0.5405328240942973,0.7183002359999693      ,0
0.6925819303506712,0.12560885142307776     ,0
0.18243777159830799,0.66180646850475       ,0
0.2751106624103218,0.4882526036428687      ,0
0.042564340311880056,0.7388714822312067    ,0
0.7654443830759932,0.10120568803668972     ,0
0.7748488758031794,0.20323978349974525     ,0
0.5150438681785198,0.4127580475495396      ,0
0.35339265135850084,0.0541060817646718     ,0
0.6152471237730056,0.7437324647554362      ,0
0.511374133196639,0.42458302301350803      ,0
0.3515057571116267,0.5147209039608961      ,0
0.5132902602561012,0.29248904295796174     ,0
0.6403797607592385,0.5247820491929706      ,0
0.07134862270182052,0.3528420959719434     ,0
0.4129444227221688,0.41834924161289566     ,0
0.842808370848649,0.11898449996107485      ,0
0.29986444699579584,0.0952623488274309     ,0
0.3522947238625942,0.578052808066922       ,0
0.6462419886691917,0.9682508300575423      ,0
0.3715879892149576,0.01654609954427233     ,0
0.8384467733239104,0.6528593488425601      ,0
0.7591153144057378,0.953034630865304       ,0
0.1604883779753542,0.8867217438084503      ,0
0.5123491258190807,0.46759063927464817     ,0
0.914091550508312,0.2182526420057359       ,0
0.31854328635279716,0.6013109514874864     ,0
0.33448816138893545,0.27924048518147415    ,0
0.20271466533899662,0.9143415542501043     ,0
0.9130396344522234,0.2614897618755778      ,0
0.9665036589123547,0.7371021113541767      ,0
0.09815643995253787,0.554573931535139      ,0
0.9875248340896544,0.12694809336549973     ,0
0.9875819973775681,0.36992529163038224     ,0
0.606044421097097,0.05129739721376847      ,0
0.547960152699231,0.5759012971316009       ,0
0.7642986159142588,0.8582866556597983      ,0
0.10170731109391662,0.8991313503826948     ,0
0.783492732473688,0.6673123898065653       ,0
0.30656104020940356,0.10936246747693446    ,0
0.16449848604412098,0.9143505971055615     ,0
0.6197794612165903,0.7981852430067549      ,0
0.08049220520790656,0.9207376620148789     ,0
0.28681658789384223,0.8864368889108992     ,0
0.7932545679317919,0.01913455370651873     ,0
0.22340083377435604,0.05074109141095995    ,0
0.5695778883624717,0.46668532871279444     ,0
0.7702950381752727,0.8465592744474318      ,0
0.8002044707990994,0.10291977752907333     ,0
0.1916182177502248,0.42329130033731077     ,0
0.930945221502402,0.46873967113262593      ,0
0.9604608624891079,0.37637834588892016     ,0
0.5041052332797663,0.892866419774771       ,0
0.3296268595219828,0.4620241019252769      ,0
0.07806879625436713,0.8734177791683122     ,0
0.4206869089355084,0.6120649402707302      ,0
0.04387326581978557,0.9348193841794579     ,0
0.08112975861512883,0.92968371012488       ,0
0.38982778147074426,0.02404699322631998    ,0
0.05724940043666349,0.1210756187026577     ,0
0.2787090673925171,0.42523360288976586     ,0
0.6095074948656855,0.1238390982284352      ,0
0.896793738886132,0.11796488787862747      ,0
0.5574621556935881,0.5297782174224817      ,0
0.40996233352019795,0.48212551456484964    ,0
0.8829557881642676,0.7679676996377488      ,0
0.01933737944322611,0.2609482883557138     ,0
0.4431061556422833,0.9133452630614555      ,0
0.047394313115220466,0.7339562168743997    ,0
0.04874631184687361,0.41676030590653423    ,0
0.7052103373531,0.12277768053231652        ,0
0.14931087985761715,0.01432193780607427    ,0
0.6924932322985432,0.3553533935158205      ,0
0.6317674021102397,0.5670534398231026      ,0
0.06425841520924735,0.4478429168480137     ,0
0.7890433791425817,0.6062743897960805      ,0
0.8614992627289804,0.9285777188895994      ,0
0.3425007731130877,0.9157953807155427      ,0
0.8479222952640394,0.9246968395857157      ,0
0.5133616950157994,0.5689250371901459      ,0
0.32079512827221623,0.7596400731459523     ,0
0.529590515062658,0.4564521420961859       ,0
0.37118216273637794,0.1684628655111543     ,0
0.6275885997855123,0.49118081770138433     ,0
0.15731882009271014,0.5279760530527343     ,0
0.5621606563112137,0.3552596756851225      ,0
0.7246024970295161,0.8200027584156818      ,0
0.8735618879433188,0.8684608755719406      ,0
0.6566543873374676,0.39858365691228526     ,0
0.6770375146078413,0.7987284603685312      ,0
0.3741330222424093,0.015750998643917602    ,0
0.5381178556675659,0.21072963033822767     ,0
0.21145728094542438,0.9755308152417137     ,0
0.07603300677152491,0.25380678738449036    ,0
0.49632245283318255,0.7321218196863613     ,0
0.2979636552772742,0.627641890719414       ,0
0.7328704338182557,0.7257385783890632      ,0
0.3084452983930135,0.8321091163588731      ,0
0.6466009289605261,0.7583953730725758      ,0
0.9610952582840551,0.707205816419701       ,0
0.2875873090171983,0.7519466998550901      ,0
0.223933059689005,0.6996153738997368       ,0
0.6082877252075419,0.30198897988634976     ,0
0.5149169001474102,0.7543703539240869      ,0
0.9332180470676342,0.0437672849320655      ,0
0.030919358938879093,0.7232478599454538    ,0
0.5199801197632737,0.48002001209482836     ,0
0.14121867332564764,0.7059431949473207     ,0
0.9746153240156319,0.5857333253857164      ,0
0.24568170549666024,0.7957319837522819     ,0
0.6289799705135379,0.2010665184752154      ,0
0.10816801506793583,0.2882454589326463     ,0
0.11381565643742375,0.9512480356608802     ,0
0.5672843110613498,0.5301465484928847      ,0
0.2684141160842892,0.19103175835142472     ,0
0.6994717937926305,0.23390966235010047     ,0
0.21625295131053146,0.2613412078399573     ,0
0.9635089396372736,0.2655705886624635      ,0
0.9057048726176536,0.1670191528050574      ,0
0.5908650012677193,0.624226706804391       ,0
0.6659000294969349,0.6371390745294419      ,0
0.5029404968239717,0.5752325165169159      ,0
0.3600469007860564,0.4131235110992748      ,0
0.33408234465658393,0.6734487094724351     ,0
0.5319948089882898,0.5249538596507148      ,0
0.7183636916143749,0.7185679037368436      ,0
0.5365465871647082,0.2620452729479448      ,0
0.8584689468106022,0.5214534302323294      ,0
0.02000716723623097,0.5228989475168323     ,0
0.5366269734948571,0.7285923027423415      ,0
0.2746804007323904,0.2364335573134062      ,0
0.15038659043282,0.8511769625416377        ,0
0.9295026099242236,0.5879364834708445      ,0
0.06012996626720002,0.07599520288439043    ,0
0.15872825686209546,0.8538645422983905     ,0
0.5205714984273808,0.3972206137901214      ,0
0.09155950311147687,0.7522631204005411     ,0
0.7350907429470909,0.10136145888255677     ,0
0.3878382378127525,0.34936134679505526     ,0
0.11960007860835842,0.662038336710996      ,0
0.008395377707192675,0.7279405530418057    ,0
0.6917490663016412,0.6569263835923762      ,0
0.053378947952754885,0.8193616627851887    ,0
0.611618856050681,0.40611104735776804      ,0
0.16785927927250388,0.028676844958117065   ,0
0.29166206604041767,0.6492707903180542     ,0
0.42123566646200583,0.5410393760097642     ,0
0.16649468598066697,0.7285140496697086     ,0
0.7554459626810139,0.4876648846345748      ,0
0.1672482164521535,0.42436219910560447     ,0
0.0667066726007447,0.47088643135248276     ,0
0.1805418504684675,0.8042836115603718      ,0
0.7364882266324613,0.30038429594895566     ,0
0.28873630156846575,0.18634861889192966    ,0
0.9596558243354839,0.17646130731535625     ,0
0.3859818412472956,0.5949892329271799      ,0
0.5311839102567368,0.9712728339843708      ,0
0.8436753434054592,0.891510784668836       ,0
0.847577802663224,0.7052100355560005       ,0
0.25929236486651086,0.09891779207751705    ,0
0.7551134370208451,0.7931738522163515      ,0
0.9641617407802852,0.3087795670112936      ,0
0.5342321545783388,0.1442664651408191      ,0
0.8886019610993063,0.9572755521758061      ,0
0.7479044207254575,0.7384657602802268      ,0
0.58694015304708,0.1882243809748667        ,0
0.9015025544738786,0.8751376255273606      ,0
0.7102859139952972,0.4828146537912671      ,0
0.8626995391786131,0.8907798422847807      ,0
0.9815338621592935,0.7289192893598858      ,0
0.7721371859536867,0.7771805228515812      ,0
0.7749203605888214,0.42729012730489624     ,0
0.739083706045477,0.7962128242646309       ,0
0.731561452876633,0.7875924261816107       ,0
0.9610269693208814,0.8837770654489011      ,0
0.4527504927200875,0.05415377558387979     ,0
0.03212714134248329,0.3629402552635137     ,0
0.2043956711835042,0.5194657855212411      ,0
0.11267746966387115,0.24511238775176325    ,0
0.7388290938783054,0.3328909234290818      ,0
0.32020037852535344,0.18813697888220526    ,0
0.794320727042472,0.3926908004313515       ,0
0.17253092023281413,0.0014640359023840865  ,0
0.5679818355151611,0.32140671947994537     ,0
0.16421739885738418,0.4411109907512649     ,0
0.47434454975012885,0.7677866900153794     ,0
0.589794769722395,0.9209072916739836       ,0
0.7997553288686088,0.052867920027219295    ,0
0.5409634152952336,0.6815570854221995      ,0
0.44182189694044827,0.48348727502622535    ,0
0.5994324952498347,0.9053433157282236      ,0
0.7835046175156626,0.49340644553708213     ,0
0.12316308679666843,0.2418360889483342     ,0
0.8930450117675267,0.1404028899263079      ,0
0.18097361863522798,0.2187563926305226     ,0
0.6637757416157135,0.3870910789213273      ,0
0.1289460801682717,0.05218652023324577     ,0
0.21195746854246622,0.02390338232677347    ,0
0.541798541113255,0.44160632535162236      ,0
0.836140215525244,0.054573350488022365     ,0
0.7133655442907365,0.03777444016513898     ,0
0.1081480578184979,0.857628552076722       ,0
0.22255494781884722,0.40526234363346414    ,0
0.21363732541695069,0.4618141499706614     ,0
0.12462622757523123,0.4664879367342504     ,0
0.48928071627754655,0.8290323710974379     ,0
0.17236159834152753,0.6103848943227148     ,0
0.21398054469176175,0.1252971031196416     ,0
0.09767825797387553,0.8763826235498512     ,0
0.10311652539788907,0.5783670754621653     ,0
0.39145614293229947,0.8831611937622602     ,0
0.627684458104499,0.6701349179779555       ,0
0.20783284701123883,0.4616841007650333     ,0
0.23428443245662012,0.0925134931681586     ,0
0.9889429222188346,0.27330133502710263     ,0
0.7772681720167063,0.1074751928103479      ,0
0.15705639164531404,0.0462539718926851     ,0
0.9909567550994802,0.6950636916509677      ,0
0.7532971888471566,0.44770062892930174     ,0
0.6276919816770031,0.14761167474099157     ,0
0.21559884054410772,0.023425268663296084   ,0
0.9665855791393771,0.5740625245545258      ,0
0.5832818504666036,0.08367483001736453     ,0
0.7581826992477816,0.11520739401370339     ,0
0.2916128656415242,0.8911140040678671      ,0
0.3118566249062148,0.5388139159378381      ,0
0.37693316502568663,0.015674351177819124   ,0
0.3556048679640188,0.2830358789965951      ,0
0.35142007063713543,0.2611126237801761     ,0
0.5020164459402027,0.9471584986847451      ,0
0.22627140583923766,0.13938376788708895    ,0
0.6395333480994116,0.690646630976019       ,0
0.16308029301577365,0.4714719941452914     ,0
0.3347296471099692,0.9946285570562656      ,0
0.015393009350853526,0.3271127529743041    ,0
0.3791839264309006,0.7643611607192498      ,0
0.5859205814288274,0.18087795769890447     ,0
0.9436219039912633,0.8068867634921234      ,0
0.7696001559958034,0.8583847950972331      ,0
0.41235797876917024,0.30500601171992436    ,0
0.8786795846382133,0.5739288038317282      ,0
0.8626654631369894,0.026854845865477928    ,0
0.3532244237482749,0.11962990884719515     ,0
0.32655774038864815,0.6597885133121363     ,0
0.7489242244375447,0.05621978242108183     ,0
0.42656301683306774,0.8379382953178524     ,0
0.363800263592452,0.5768876524322333       ,0
0.7124280127589128,0.14472221755842596     ,0
0.11639444090553763,0.568141075099135      ,0
0.04228650531099498,0.614753794770663      ,0
0.320245107864653,0.2754266385026678       ,0
0.6496809731697403,0.034007696042340885    ,0
0.812932398118433,0.8962954339363164       ,0
0.11692682196798498,0.64276505355725       ,0
0.49270186815660255,0.37018663800147267    ,0
0.3356599827069279,0.6827751065784234      ,0
0.6916524229642148,0.6114415520320721      ,0
0.6770109522138209,0.5982338400305199      ,0
0.9717002984509379,0.44094997669365454     ,0
0.016698917610089792,0.5995950180835832    ,0
0.8680080428336642,0.5118696663641243      ,0
0.9644424395389134,0.7298919348430065      ,0
0.8242936581818591,0.596148003882113       ,0
0.6324330908329197,0.5351634044338139      ,0
0.06541199995025448,0.701115598949445      ,0
0.5442218807860499,0.9337407744027171      ,0
0.43482641328454474,0.6192089529845491     ,0
0.8332181472760839,0.903567243396146       ,0
0.2880659880935381,0.6789192970838385      ,0
0.709103321868586,0.1623846487625995       ,0
0.3779897750046898,0.6613538749991559      ,0
0.2808130665684627,0.10253695183476152     ,0
0.293655982027451,0.07433426497786633      ,0
0.21634283123447273,0.860303873269714      ,0
0.4218210156974652,0.23474630143198227     ,0
0.3924835749105191,0.5490918474120029      ,0
0.5885694807050906,0.8998942679309719      ,0
0.6416958748275092,0.3664741186069067      ,0
0.5083028323960335,0.5099022655596402      ,0
0.9386822861200278,0.4969849499395874      ,0
0.9182911827619051,0.4557432319749598      ,0
0.8858192855574755,0.47573825149784543     ,0
0.8092191071608513,0.17126682288798845     ,0
0.15446167222826623,0.9523533945571473     ,0
0.4756329012787889,0.2626348467885584      ,0
0.6182342498648603,0.600336833455311       ,0
0.2049232828358305,0.33486333460200723     ,0
0.274776235920965,0.2539805389254073       ,0
0.29945433318456904,0.6527081747938317     ,0
0.6940067823946722,0.22300353298605724     ,0
0.7836755318592349,0.28192170702156816     ,0
0.6538300671285069,0.13457628248028064     ,0
0.5865308404566675,0.8969451111344959      ,0
0.8283014184610522,0.5830317848966478      ,0
0.2092050485140916,0.012391977518179997    ,0
0.8786260741032837,0.3294816128799687      ,0
0.8892242698935547,0.9982164966358045      ,0
0.06396503490143335,0.7867187956513898     ,0
0.05415373912354404,0.872249283445222      ,0
0.5368731383439281,0.04920371142683033     ,0
0.4216134380043578,0.5288226762919955      ,0
0.8172964470455784,0.7835933699878053      ,0
0.4470573649044416,0.7584966566908116      ,0
0.5494074613525842,0.8821879678722354      ,0
0.946740225832853,0.14143505951180446      ,0
0.5371584018255958,0.899833575784372       ,0
0.6305207174583989,0.6557718219668475      ,0
0.22728416632042214,0.9442329011100375     ,0
0.9676277836013338,0.6323447205371957      ,0
0.2625881288423305,0.8702807000342337      ,0
0.27824278475607156,0.508464329684668      ,0
0.4636958027071708,0.3409545820360438      ,0
0.19472667823287837,0.6859244090013014     ,0
0.6140625553241638,0.560455460765548       ,0
0.6685482566258817,0.6822488960570591      ,0
0.7208734964349055,0.259706473122729       ,0
0.5124458636171142,0.6792101804040743      ,0
0.003574741674392312,0.8199831289278467    ,0
0.06208167778022955,0.5189418847740811     ,0
0.7221275203217382,0.25736119903018384     ,0
0.9174240757100078,0.17550897921874042     ,0
0.0986773976740638,0.15883350273333563     ,0
0.881320381323587,0.7385865719244521       ,0
0.009183049827386491,0.5603602596600947    ,0
0.15119843547523015,0.9859382577476883     ,0
0.825650132893982,0.18778199359173686      ,0
0.5395626672377015,0.692673629321053       ,0
0.7749677520764005,0.4434381627208407      ,0
0.9999260927256217,0.927803926187977       ,0
0.44694629393218066,0.01449829511882339    ,0
0.017047083116823236,0.7224032949167417    ,0
0.632007129693215,0.0034271436726973636    ,0
0.4838154331019884,0.6587231417081945      ,0
0.49807604948116047,0.03666864848808904    ,0
0.5318595920231523,0.12589507687317358     ,0
0.22658417055725943,0.8945485105369784     ,0
0.4089230165238793,0.21539776261026977     ,0
0.6190814938848007,0.8235580489458333      ,0
0.9032843133720617,0.48825167603565134     ,0
0.8588193367710012,0.8415973551328104      ,0
0.0039724340734502706,0.1359450424331976   ,0
0.565760631354916,0.027418727134069343     ,0
0.455254599365554,0.37838299572844636      ,0
0.5188271980799948,0.9974262733446005      ,0
0.6148514230104178,0.29469163594143744     ,0
0.9357958252428543,0.5161509594688928      ,0
0.5575601850375698,0.6664967671614186      ,0
0.9991059442034903,0.4611349030391171      ,0
0.6794434492309495,0.8283373353927521      ,0
0.39494337337043217,0.16862265297742796    ,0
0.15246734579295984,0.9661617711210885     ,0
0.9933162377768641,0.5233710935985972      ,0
0.4554500298132691,0.7823945866765085      ,0
0.4384406059288877,0.024053870599696436    ,0
0.8644074205241303,0.95485034069918        ,0
0.3416052325824934,0.45515025491848027     ,0
0.22385996770992167,0.35681016646430186    ,0
0.9727860419124754,0.7268724219835614      ,0
0.5403908055505237,0.576865835159144       ,0
0.8326324646394978,0.9065990053099856      ,0
0.9407219276916673,0.8796752115249553      ,0
0.2530498723133162,0.458447170066831       ,0
0.31880211274107384,0.3825617473419405     ,0
0.2224534035760648,0.23202933088000766     ,0
0.559876279733789,0.8879300484009846       ,0
0.9608700303726427,0.7971046345822889      ,0
0.5742329637654472,0.5077585742958436      ,0
0.3804175581192991,0.30774959189538176     ,0
0.49930292952242894,0.9439695303108387     ,0
0.4582908265424095,0.1978359525616692      ,0
0.336008672627752,0.047264703749615        ,0
0.7222365133443795,0.6590186408580604      ,0
0.9737409058095441,0.06705597767451976     ,0
0.5025999672459548,0.03309970991911981     ,0
0.02806495315240043,0.8264073790585843     ,0
0.34037896488131547,0.9625492164348987     ,0
0.1662362678319026,0.9084450491472813      ,0
0.9573204806062661,0.38612738381520373     ,0
0.627831060038001,0.824480494431882        ,0
0.49194864181115017,0.24096685561684605    ,0
0.46127448250232383,0.04913158740494372    ,0
0.2845134948904059,0.03813743887320464     ,0
0.5917754330937374,0.7540148285849477      ,0
0.3542011776215209,0.31563068941692063     ,0
0.21215348441129556,0.04912116144630063    ,0
0.8535485791031656,0.34086434756221107     ,0
0.14527026072469218,0.5497774611749778     ,0
0.20785657346206343,0.3342223570311814     ,0
0.7652537546116832,0.12713371635680015     ,0
0.35149733070818234,0.9158087938855807     ,0
0.7844311291381223,0.7714063601430461      ,0
0.458363350322475,0.4395090535947873       ,0
0.7138615939717653,0.599645775005295       ,0
0.8303069273601679,0.3716153381398397      ,0
0.08758797217146497,0.17358656394559557    ,0
0.15527041597553204,0.8956873711404522     ,0
0.6042018600140836,0.45817704382450053     ,0
0.17590961819912765,0.48098380933320073    ,0
0.18404373408324226,0.9476740138542618     ,0
0.9198632872002614,0.2387136871210639      ,0
0.5663364547840488,0.7137280981149533      ,0
0.03442461081989745,0.508520606171205      ,0
0.47777663983267715,0.38867342305382035    ,0
0.44122064097349867,0.2670279761706137     ,0
0.5925848252152122,0.3872750809794949      ,0
0.48060841142426336,0.6309360614399645     ,0
0.47374292477344515,0.9914764686852192     ,0
0.9508474700665787,0.9390765833983669      ,0
0.4361225325671455,0.2752278156565915      ,0
0.9637099178067993,0.640994534982248       ,0
0.8044355681100855,0.2302664029908461      ,0
0.3360413159242963,0.49404076783519535     ,0
0.3524144578766426,0.8687575559321588      ,0
0.31588661325433076,0.37662296541379203    ,0
0.8043558447895925,0.524995406961891       ,0
0.8021474295797878,0.3621770088124201      ,0
0.15613866274528254,0.055900498726719206   ,0
0.8583380641526128,0.5665843595105676      ,0
0.23005354565051706,0.14884105831644023    ,0
0.24385962405511008,0.6811753847031837     ,0
0.3162572414360698,0.4853436933194939      ,0
0.8903128980167754,0.03412268702186105     ,0
0.9733925389410658,0.0805479615366782      ,0
0.7357224529343371,0.48494226267586027     ,0
0.061890340064383764,0.7207990466231634    ,0
0.09614557649783373,0.44998493713358245    ,0
0.865697426170982,0.055560874540929395     ,0
0.8019916648234612,0.8812135716366205      ,0
0.7216497310100161,0.5648721260261235      ,0
0.6554791773347204,0.07622709490930402     ,0
0.9204379281557916,0.319855640489239       ,0
0.37600841192172607,0.7844048150542732     ,0
0.7690880363791432,0.18133173488745347     ,0
0.09183055195819989,0.19220995039563316    ,0
0.6121071341978085,0.8403740879348705      ,0
0.6092443337820369,0.020104311911336326    ,0
0.29691999609359276,0.8946867461345854     ,0
0.14465399075973728,0.1441910740363299     ,0
0.03894979577706681,0.9759692450733225     ,0
0.9401728678251998,0.8676155915064627      ,0
0.8926719116891524,0.7959762212029559      ,0
0.20005953176368108,0.2099193404683496     ,0
0.06719695415876725,0.8627669344436935     ,0
0.08312373632228331,0.3569553930992696     ,0
0.13841550493808996,0.53367906879963       ,0
0.06534249920125046,0.7196380139692558     ,0
0.8044632546537577,0.01785023539502928     ,0
0.8472764904010794,0.8867135612011448      ,0
0.20724267255492035,0.9186498891283695     ,0
0.1224802363613322,0.12490288938789407     ,0
0.999962961267154,0.9151730073323525       ,0
0.9459495168985695,0.9791809224246326      ,0
0.2791370557256214,0.2219865800552997      ,0
0.1457523882485786,0.956621568882995       ,0
0.21920122563729738,0.5376083426568181     ,0
0.2063406493856954,0.23915157625600147     ,0
0.7488988237629488,0.29473658182064566     ,0
0.31864094429297274,0.8637201522347604     ,0
0.8907966761542172,0.15903901413262556     ,0
0.8398757370322768,0.8328055441025647      ,0
0.44877911961927486,0.8883475975460134     ,0
0.23516632958612527,0.17384368182442345    ,0
0.5730913819708978,0.860395211900424       ,0
0.6833213349901165,0.05307848465083975     ,0
0.35847996306257146,0.8047693159653991     ,0
0.9208158219436962,0.6674965529916099      ,0
0.03820509971212327,0.5335466423204227     ,0
0.5708178327092324,0.7879243677330529      ,0
0.5251763647207682,0.7551121747950769      ,0
0.15822042680701232,0.5070289104895254     ,0
0.021189164690204598,0.37695460423990934   ,0
0.24698922111815957,0.9578774049561416     ,0
0.16621649895416946,0.05576950490603383    ,0